0x02 6 443 32249 0x0010 -1 -1
0x02 6 443 32249 0x0018 -1 -1
-1 -1 -1 -1 -1 -1 -1
-1 -1 -1 -1 -1 -1 -1
0x02 6 32249 443 0x0010 -1 -1
-1 -1 -1 -1 -1 -1 -1
0x02 6 443 32305 0x0018 -1 -1
0x02 6 32305 443 0x0010 -1 -1
0x02 6 443 32306 0x0018 -1 -1
0x02 6 32306 443 0x0010 -1 -1
0x02 6 443 32305 0x0011 -1 -1
0x02 6 32305 443 0x0010 -1 -1
0x02 6 443 32306 0x0011 -1 -1
0x02 6 32306 443 0x0010 -1 -1
0x00 17 -1 -1 -1 63804 6667
0x02 6 4183 8009 0x0018 -1 -1
0x02 6 8009 4183 0x0010 -1 -1
0x02 6 8009 4183 0x0018 -1 -1
0x02 6 4183 8009 0x0010 -1 -1
0x02 6 443 32259 0x0018 -1 -1
0x02 6 32259 443 0x0011 -1 -1
0x02 6 443 32259 0x0011 -1 -1
0x02 6 32259 443 0x0010 -1 -1
0x02 6 443 32259 0x0010 -1 -1
0x02 6 443 32260 0x0018 -1 -1
0x02 6 32260 443 0x0011 -1 -1
0x02 6 443 32260 0x0011 -1 -1
0x02 6 32260 443 0x0010 -1 -1
0x02 6 443 32260 0x0010 -1 -1
0x00 17 -1 -1 -1 51955 59870
0x00 17 -1 -1 -1 51956 59870
0x02 6 32249 443 0x0018 -1 -1
0x00 17 -1 -1 -1 5353 5353
-1 -1 -1 -1 -1 5353 5353
0x00 17 -1 -1 -1 5353 5353
-1 -1 -1 -1 -1 5353 5353
-1 -1 -1 -1 -1 5353 5353
-1 -1 -1 -1 -1 5353 5353
0x00 17 -1 -1 -1 5353 5353
0x00 17 -1 -1 -1 5353 5353
0x00 17 -1 -1 -1 5353 5353
-1 -1 -1 -1 -1 5353 5353
0x00 17 -1 -1 -1 5353 5353
-1 -1 -1 -1 -1 5353 5353
-1 -1 -1 -1 -1 5353 5353
-1 -1 -1 -1 -1 5353 5353
0x00 17 -1 -1 -1 5353 5353
0x00 17 -1 -1 -1 5353 5353
0x02 6 443 32249 0x0018 -1 -1
0x00 17 -1 -1 -1 51957 59870
0x00 17 -1 -1 -1 51958 59870
0x02 6 32249 443 0x0018 -1 -1
0x02 6 443 32249 0x0018 -1 -1
0x02 6 32249 443 0x0010 -1 -1
0x02 17 -1 -1 -1 5353 5353
0x00 17 -1 -1 -1 5353 5353
-1 -1 -1 -1 -1 5353 5353
-1 -1 -1 -1 -1 5353 5353
0x00 17 -1 -1 -1 5353 5353
0x00 17 -1 -1 -1 61285 6667
0x00 17 -1 -1 -1 5353 5353
-1 -1 -1 -1 -1 5353 5353
-1 -1 -1 -1 -1 5353 5353
0x00 17 -1 -1 -1 5353 5353
0x02 6 4218 8009 0x0018 -1 -1
0x02 6 8009 4218 0x0018 -1 -1
0x02 6 4218 8009 0x0010 -1 -1
0x02 6 27037 4111 0x0018 -1 -1
0x02 6 4111 27037 0x0010 -1 -1
0x02 6 4547 443 0x0018 -1 -1
0x02 6 443 4547 0x0010 -1 -1
0x02 6 443 4547 0x0018 -1 -1
0x02 6 4547 443 0x0010 -1 -1
0x02 6 4153 443 0x0018 -1 -1
0x00 6 443 4153 0x0010 -1 -1
0x00 17 -1 -1 -1 63804 6667
0x00 17 -1 -1 -1 5353 5353
-1 -1 -1 -1 -1 5353 5353
-1 -1 -1 -1 -1 5353 5353
0x00 17 -1 -1 -1 5353 5353
0x00 6 443 4153 0x0018 -1 -1
0x00 17 -1 -1 -1 5353 5353
-1 -1 -1 -1 -1 5353 5353
-1 -1 -1 -1 -1 5353 5353
0x00 17 -1 -1 -1 5353 5353
0x02 6 4153 443 0x0010 -1 -1
0x00 17 -1 -1 -1 51959 59870
0x00 17 -1 -1 -1 51960 59870
0x02 6 32249 443 0x0018 -1 -1
0x02 6 4183 8009 0x0018 -1 -1
0x02 6 443 32249 0x0018 -1 -1
0x02 6 32249 443 0x0010 -1 -1
0x02 6 32293 443 0x0010 -1 -1
0x02 6 32294 443 0x0010 -1 -1
0x02 6 32297 443 0x0010 -1 -1
0x02 6 32296 443 0x0010 -1 -1
0x02 6 32295 443 0x0010 -1 -1
0x02 6 443 32293 0x0010 -1 -1
0x02 6 443 32294 0x0010 -1 -1
0x02 6 443 32296 0x0010 -1 -1
0x02 6 443 32297 0x0010 -1 -1
0x02 6 443 32295 0x0010 -1 -1
0x02 6 4183 8009 0x0018 -1 -1
0x02 6 8009 4183 0x0010 -1 -1
0x02 6 8009 4183 0x0018 -1 -1
0x02 6 4183 8009 0x0010 -1 -1
0x00 17 -1 -1 -1 61285 6667
0x02 6 4218 8009 0x0018 -1 -1
0x02 6 8009 4218 0x0018 -1 -1
0x02 6 4218 8009 0x0010 -1 -1
0x00 17 -1 -1 -1 51961 59870
0x00 17 -1 -1 -1 51962 59870
0x02 6 32249 443 0x0018 -1 -1
0x02 6 443 32249 0x0018 -1 -1
0x00 17 -1 -1 -1 51963 59870
0x00 17 -1 -1 -1 51964 59870
0x02 6 32249 443 0x0018 -1 -1
0x02 6 443 32249 0x0010 -1 -1
0x00 17 -1 -1 -1 5353 5353
-1 -1 -1 -1 -1 5353 5353
-1 -1 -1 -1 -1 5353 5353
0x00 17 -1 -1 -1 5353 5353
0x00 17 -1 -1 -1 54354 53
0x00 17 -1 -1 -1 59948 53
0x00 17 -1 -1 -1 53 54354
0x00 17 -1 -1 -1 53 59948
0x02 17 -1 -1 -1 65171 443
0x02 17 -1 -1 -1 65171 443
0x02 17 -1 -1 -1 443 65171
0x02 17 -1 -1 -1 443 65171
0x02 17 -1 -1 -1 443 65171
0x02 17 -1 -1 -1 65171 443
0x02 17 -1 -1 -1 65171 443
0x02 17 -1 -1 -1 65171 443
0x02 17 -1 -1 -1 443 65171
0x02 17 -1 -1 -1 443 65171
0x02 17 -1 -1 -1 65171 443
0x00 17 -1 -1 -1 5353 5353
-1 -1 -1 -1 -1 5353 5353
-1 -1 -1 -1 -1 5353 5353
0x00 17 -1 -1 -1 5353 5353
0x02 17 -1 -1 -1 443 65171
0x02 17 -1 -1 -1 65171 443
0x02 17 -1 -1 -1 65171 443
0x02 17 -1 -1 -1 65171 443
0x02 17 -1 -1 -1 443 65171
0x02 17 -1 -1 -1 443 65171
0x02 17 -1 -1 -1 65171 443
0x02 17 -1 -1 -1 443 65171
0x02 6 443 32249 0x0018 -1 -1
0x00 17 -1 -1 -1 65173 59871
0x00 17 -1 -1 -1 65175 59871
0x00 17 -1 -1 -1 65176 59871
0x00 17 -1 -1 -1 65177 59871
0x02 6 32249 443 0x0010 -1 -1
0x00 17 -1 -1 -1 63804 6667
0x00 17 -1 -1 -1 61656 53
0x00 17 -1 -1 -1 55761 53
0x00 17 -1 -1 -1 53 61656
0x00 17 -1 -1 -1 53 55761
0x02 6 32309 443 0x0002 -1 -1
0x00 17 -1 -1 -1 5353 5353
0x02 6 443 32309 0x0012 -1 -1
0x02 6 32309 443 0x0010 -1 -1
-1 -1 -1 -1 -1 5353 5353
0x02 6 32309 443 0x0018 -1 -1
0x02 6 32280 443 0x0010 -1 -1
0x02 6 443 32280 0x0010 -1 -1
0x02 6 443 32309 0x0018 -1 -1
0x02 6 443 32309 0x0018 -1 -1
0x02 6 32309 443 0x0010 -1 -1
0x02 6 443 32309 0x0018 -1 -1
0x02 6 443 32309 0x0018 -1 -1
0x02 6 32309 443 0x0010 -1 -1
0x02 6 32309 443 0x0018 -1 -1
0x02 6 32281 443 0x0010 -1 -1
0x02 6 443 32281 0x0010 -1 -1
0x02 6 4183 8009 0x0018 -1 -1
0x02 6 32282 443 0x0010 -1 -1
0x02 6 443 32282 0x0010 -1 -1
0x02 6 443 32309 0x0010 -1 -1
0x02 6 443 32309 0x0018 -1 -1
0x02 6 443 32309 0x0018 -1 -1
0x02 6 32309 443 0x0010 -1 -1
0x02 6 32309 443 0x0018 -1 -1
0x02 6 32309 443 0x0018 -1 -1
0x02 6 8009 4183 0x0018 -1 -1
0x02 6 4183 8009 0x0010 -1 -1
0x02 6 443 32309 0x0010 -1 -1
0x02 6 443 32309 0x0010 -1 -1
0x02 6 443 32309 0x0018 -1 -1
0x02 6 32309 443 0x0018 -1 -1
0x02 6 32309 443 0x0011 -1 -1
0x02 6 443 32309 0x0011 -1 -1
0x02 6 32309 443 0x0010 -1 -1
0x02 6 32279 443 0x0010 -1 -1
0x02 6 443 32279 0x0010 -1 -1
0x02 6 32277 443 0x0010 -1 -1
0x02 6 32256 443 0x0010 -1 -1
0x02 6 32255 443 0x0010 -1 -1
0x02 6 32275 443 0x0010 -1 -1
0x02 6 443 32277 0x0010 -1 -1
0x02 6 443 32256 0x0010 -1 -1
0x02 6 443 32255 0x0010 -1 -1
0x02 6 443 32275 0x0010 -1 -1
0x02 6 443 32309 0x0011 -1 -1
0x02 6 443 32309 0x0010 -1 -1
0x02 6 32254 443 0x0010 -1 -1
0x02 6 443 32254 0x0010 -1 -1
0x02 6 32278 443 0x0010 -1 -1
0x02 6 32286 443 0x0010 -1 -1
0x02 6 443 32278 0x0010 -1 -1
0x02 6 443 32286 0x0010 -1 -1
0x00 17 -1 -1 -1 65178 59870
0x00 17 -1 -1 -1 65180 59870
0x00 17 -1 -1 -1 65182 59871
0x00 17 -1 -1 -1 65183 59871
0x00 17 -1 -1 -1 65184 59871
0x00 17 -1 -1 -1 65185 59871
0x00 17 -1 -1 -1 64199 53
0x00 17 -1 -1 -1 51783 53
0x00 17 -1 -1 -1 53 64199
0x00 17 -1 -1 -1 53 51783
0x02 17 -1 -1 -1 58371 443
0x02 17 -1 -1 -1 443 58371
0x02 17 -1 -1 -1 58371 443
0x02 17 -1 -1 -1 58371 443
0x02 17 -1 -1 -1 58371 443
0x02 17 -1 -1 -1 58371 443
0x02 17 -1 -1 -1 58371 443
0x02 17 -1 -1 -1 58371 443
0x02 17 -1 -1 -1 58371 443
0x02 17 -1 -1 -1 58371 443
0x02 17 -1 -1 -1 58371 443
0x02 17 -1 -1 -1 58371 443
0x02 17 -1 -1 -1 443 58371
0x02 17 -1 -1 -1 443 58371
0x02 17 -1 -1 -1 58371 443
0x02 17 -1 -1 -1 443 58371
0x02 17 -1 -1 -1 443 58371
0x02 17 -1 -1 -1 443 58371
0x02 17 -1 -1 -1 443 58371
0x02 17 -1 -1 -1 443 58371
0x02 17 -1 -1 -1 58371 443
0x02 17 -1 -1 -1 443 58371
0x02 17 -1 -1 -1 58371 443
0x02 17 -1 -1 -1 443 58371
0x00 17 -1 -1 -1 61285 6667
0x00 17 -1 -1 -1 59636 53
0x00 17 -1 -1 -1 55256 53
0x00 17 -1 -1 -1 53 59636
0x00 17 -1 -1 -1 53 55256
0x02 6 32310 443 0x0002 -1 -1
0x00 17 -1 -1 -1 63760 1900
0x02 17 -1 -1 -1 59573 63760
0x02 6 32311 8008 0x0002 -1 -1
0x02 6 8008 32311 0x0012 -1 -1
0x02 6 32311 8008 0x0010 -1 -1
0x02 6 32311 8008 0x0018 -1 -1
0x02 6 8008 32311 0x0010 -1 -1
0x02 6 8008 32311 0x0018 -1 -1
0x02 6 443 32310 0x0012 -1 -1
0x02 6 32310 443 0x0010 -1 -1
0x02 6 32310 443 0x0018 -1 -1
0x02 6 32311 8008 0x0010 -1 -1
0x02 6 32311 8008 0x0011 -1 -1
0x02 6 4218 8009 0x0018 -1 -1
0x02 6 8009 4218 0x0018 -1 -1
0x02 6 4218 8009 0x0010 -1 -1
0x02 6 8008 32311 0x0011 -1 -1
0x02 6 32311 8008 0x0010 -1 -1
0x02 6 443 32310 0x0010 -1 -1
0x02 6 443 32310 0x0010 -1 -1
0x02 6 443 32310 0x0010 -1 -1
0x02 6 443 32310 0x0010 -1 -1
0x02 6 32310 443 0x0010 -1 -1
0x02 6 443 32310 0x0010 -1 -1
0x02 6 443 32310 0x0018 -1 -1
0x02 6 32310 443 0x0010 -1 -1
0x02 6 32310 443 0x0018 -1 -1
0x02 6 443 32310 0x0010 -1 -1
0x02 6 443 32310 0x0018 -1 -1
0x02 6 443 32310 0x0018 -1 -1
0x02 6 32310 443 0x0010 -1 -1
0x02 6 32310 443 0x0018 -1 -1
0x02 6 32310 443 0x0018 -1 -1
0x02 6 32310 443 0x0018 -1 -1
0x02 6 32310 443 0x0018 -1 -1
0x02 6 443 32310 0x0010 -1 -1
0x02 6 443 32310 0x0018 -1 -1
0x02 6 443 32310 0x0010 -1 -1
0x02 6 443 32310 0x0018 -1 -1
0x02 6 32310 443 0x0010 -1 -1
0x02 6 443 32310 0x0018 -1 -1
0x02 6 32310 443 0x0011 -1 -1
0x02 6 443 32310 0x0011 -1 -1
0x02 6 32310 443 0x0010 -1 -1
-1 -1 -1 -1 -1 -1 -1
-1 -1 -1 -1 -1 -1 -1
0x02 17 -1 -1 -1 5353 5353
0x02 17 -1 -1 -1 5353 5353
-1 -1 -1 -1 -1 5353 5353
-1 -1 -1 -1 -1 5353 5353
0x02 17 -1 -1 -1 5353 5353
-1 -1 -1 -1 -1 5353 5353
0x00 17 -1 -1 -1 63804 6667
0x00 17 -1 -1 -1 58410 59870
0x00 17 -1 -1 -1 58411 59870
0x00 17 -1 -1 -1 58414 59871
0x00 17 -1 -1 -1 58415 59871
0x00 17 -1 -1 -1 58416 59871
0x00 17 -1 -1 -1 58417 59871
0x00 17 -1 -1 -1 58418 59870
0x00 17 -1 -1 -1 58419 59870
0x00 17 -1 -1 -1 58422 59871
0x00 17 -1 -1 -1 58423 59871
0x00 17 -1 -1 -1 58424 59871
0x00 17 -1 -1 -1 58425 59871
0x02 6 32257 443 0x0010 -1 -1
0x02 6 32252 443 0x0010 -1 -1
0x02 6 32253 443 0x0010 -1 -1
0x02 6 443 32257 0x0010 -1 -1
0x02 6 443 32252 0x0010 -1 -1
0x02 6 443 32253 0x0010 -1 -1
0x02 6 443 32287 0x0014 -1 -1
0x02 6 4183 8009 0x0018 -1 -1
0x02 6 8009 4183 0x0018 -1 -1
0x02 6 4183 8009 0x0010 -1 -1
0x00 17 -1 -1 -1 5353 5353
-1 -1 -1 -1 -1 5353 5353
-1 -1 -1 -1 -1 5353 5353
0x00 17 -1 -1 -1 5353 5353
0x00 17 -1 -1 -1 5353 5353
-1 -1 -1 -1 -1 5353 5353
-1 -1 -1 -1 -1 5353 5353
0x00 17 -1 -1 -1 5353 5353
0x00 17 -1 -1 -1 5353 5353
-1 -1 -1 -1 -1 5353 5353
-1 -1 -1 -1 -1 5353 5353
0x00 17 -1 -1 -1 5353 5353
0x00 17 -1 -1 -1 61285 6667
0x00 17 -1 -1 -1 5353 5353
-1 -1 -1 -1 -1 5353 5353
-1 -1 -1 -1 -1 5353 5353
0x00 17 -1 -1 -1 5353 5353
0x02 6 4218 8009 0x0018 -1 -1
0x02 6 8009 4218 0x0018 -1 -1
0x02 6 4218 8009 0x0010 -1 -1
0x00 17 -1 -1 -1 58426 59870
0x00 17 -1 -1 -1 58428 59870
0x00 17 -1 -1 -1 58429 59871
0x00 17 -1 -1 -1 58431 59871
0x00 17 -1 -1 -1 58432 59871
0x00 17 -1 -1 -1 58433 59871
0x00 17 -1 -1 -1 63804 6667
0x00 17 -1 -1 -1 57621 57621
0x00 17 -1 -1 -1 5353 5353
-1 -1 -1 -1 -1 5353 5353
-1 -1 -1 -1 -1 5353 5353
0x00 17 -1 -1 -1 5353 5353
0x00 17 -1 -1 -1 5353 5353
-1 -1 -1 -1 -1 5353 5353
-1 -1 -1 -1 -1 5353 5353
0x00 17 -1 -1 -1 5353 5353
0x02 6 4111 27037 0x0018 -1 -1
0x02 6 27037 4111 0x0010 -1 -1
0x02 6 4183 8009 0x0018 -1 -1
0x02 6 8009 4183 0x0018 -1 -1
0x02 6 4183 8009 0x0010 -1 -1
0x00 17 -1 -1 -1 58434 59870
0x00 17 -1 -1 -1 58435 59870
0x02 6 32249 443 0x0018 -1 -1
0x02 6 443 32249 0x0010 -1 -1
0x02 6 443 32249 0x0018 -1 -1
0x00 17 -1 -1 -1 58436 59870
0x00 17 -1 -1 -1 58437 59870
0x02 6 32249 443 0x0018 -1 -1
0x02 6 443 32249 0x0018 -1 -1
0x02 6 32249 443 0x0010 -1 -1
0x02 6 27037 4111 0x0018 -1 -1
0x02 6 4111 27037 0x0010 -1 -1
0x02 6 32270 443 0x0010 -1 -1
0x02 6 443 32270 0x0010 -1 -1
0x02 6 32266 443 0x0010 -1 -1
0x02 6 32263 443 0x0010 -1 -1
0x02 6 32264 443 0x0010 -1 -1
0x02 6 32265 443 0x0010 -1 -1
0x02 6 32268 443 0x0010 -1 -1
0x02 6 443 32263 0x0010 -1 -1
0x02 6 443 32266 0x0010 -1 -1
0x02 6 443 32265 0x0010 -1 -1
0x02 6 443 32264 0x0010 -1 -1
0x02 6 443 32268 0x0010 -1 -1
0x02 6 32267 443 0x0010 -1 -1
0x02 6 443 32267 0x0010 -1 -1
0x02 6 4170 443 0x0018 -1 -1
0x00 6 443 4170 0x0010 -1 -1
0x02 6 32285 443 0x0010 -1 -1
0x00 6 443 32285 0x0010 -1 -1
0x00 6 443 4170 0x0018 -1 -1
0x00 17 -1 -1 -1 61285 6667
0x02 6 4170 443 0x0010 -1 -1
0x02 6 4218 8009 0x0018 -1 -1
0x02 6 8009 4218 0x0018 -1 -1
0x02 6 4218 8009 0x0010 -1 -1
0x00 17 -1 -1 -1 57983 53
0x00 17 -1 -1 -1 64173 53
0x00 17 -1 -1 -1 53 57983
0x00 17 -1 -1 -1 53 64173
0x02 6 32312 443 0x0002 -1 -1
0x02 6 443 32312 0x0012 -1 -1
0x02 6 32312 443 0x0010 -1 -1
0x02 6 32312 443 0x0018 -1 -1
0x02 6 443 32312 0x0010 -1 -1
0x02 6 443 32312 0x0010 -1 -1
0x02 6 443 32312 0x0018 -1 -1
0x02 6 32312 443 0x0010 -1 -1
0x02 6 443 32312 0x0018 -1 -1
0x02 6 32312 443 0x0018 -1 -1
0x02 6 443 32312 0x0010 -1 -1
0x02 6 443 32312 0x0018 -1 -1
0x02 6 32312 443 0x0018 -1 -1
0x02 6 32312 443 0x0018 -1 -1
0x02 6 443 32312 0x0010 -1 -1
0x02 6 443 32312 0x0010 -1 -1
0x00 17 -1 -1 -1 5353 5353
-1 -1 -1 -1 -1 5353 5353
-1 -1 -1 -1 -1 5353 5353
0x00 17 -1 -1 -1 5353 5353
0x02 6 443 32312 0x0018 -1 -1
0x02 6 443 32312 0x0018 -1 -1
0x02 6 32312 443 0x0010 -1 -1
0x02 6 443 32312 0x0018 -1 -1
0x02 6 32312 443 0x0018 -1 -1
0x02 6 32312 443 0x0011 -1 -1
0x02 6 443 32312 0x0018 -1 -1
0x02 6 32312 443 0x0014 -1 -1
0x02 6 443 32312 0x0010 -1 -1
0x02 6 443 32312 0x0018 -1 -1
0x00 17 -1 -1 -1 5353 5353
-1 -1 -1 -1 -1 5353 5353
-1 -1 -1 -1 -1 5353 5353
0x00 17 -1 -1 -1 5353 5353
0x00 17 -1 -1 -1 58438 59870
0x00 17 -1 -1 -1 58439 59870
0x02 6 32249 443 0x0018 -1 -1
0x00 17 -1 -1 -1 63804 6667
0x02 6 443 32249 0x0010 -1 -1
0x02 6 443 32249 0x0018 -1 -1
0x00 17 -1 -1 -1 58441 59871
0x00 17 -1 -1 -1 58443 59871
0x00 17 -1 -1 -1 58444 59871
0x00 17 -1 -1 -1 58445 59871
0x02 6 32249 443 0x0010 -1 -1
0x02 6 4183 8009 0x0018 -1 -1
0x02 6 8009 4183 0x0018 -1 -1
0x02 6 4183 8009 0x0010 -1 -1
0x00 17 -1 -1 -1 61285 6667
0x02 6 4218 8009 0x0018 -1 -1
0x02 6 8009 4218 0x0018 -1 -1
0x02 6 4218 8009 0x0010 -1 -1
0x00 17 -1 -1 -1 58446 59870
0x00 17 -1 -1 -1 58447 59870
0x00 17 -1 -1 -1 58449 59871
0x00 17 -1 -1 -1 58451 59871
0x00 17 -1 -1 -1 58452 59871
0x00 17 -1 -1 -1 58453 59871
0x00 17 -1 -1 -1 58454 59870
0x00 17 -1 -1 -1 58455 59870
0x00 17 -1 -1 -1 58458 59871
0x00 17 -1 -1 -1 58459 59871
0x00 17 -1 -1 -1 58460 59871
0x00 17 -1 -1 -1 58461 59871
0x02 17 -1 -1 -1 59612 443
0x02 17 -1 -1 -1 59612 443
0x02 17 -1 -1 -1 443 59612
0x02 17 -1 -1 -1 443 59612
0x02 17 -1 -1 -1 443 59612
0x02 17 -1 -1 -1 59612 443
0x02 17 -1 -1 -1 59612 443
0x02 17 -1 -1 -1 443 59612
0x02 17 -1 -1 -1 59612 443
-1 -1 -1 -1 -1 -1 -1
-1 -1 -1 -1 -1 -1 -1
-1 -1 -1 -1 -1 -1 -1
0x00 17 -1 -1 -1 63804 6667
0x02 6 4183 8009 0x0018 -1 -1
0x02 6 8009 4183 0x0018 -1 -1
0x02 6 32258 443 0x0010 -1 -1
0x02 6 443 32258 0x0010 -1 -1
0x02 6 4183 8009 0x0010 -1 -1
0x00 17 -1 -1 -1 59613 59870
0x00 17 -1 -1 -1 59614 59870
0x00 17 -1 -1 -1 59617 59871
0x00 17 -1 -1 -1 59618 59871
0x00 17 -1 -1 -1 59619 59871
0x00 17 -1 -1 -1 59620 59871
0x00 17 -1 -1 -1 5353 5353
-1 -1 -1 -1 -1 5353 5353
0x00 17 -1 -1 -1 5353 5353
-1 -1 -1 -1 -1 5353 5353
-1 -1 -1 -1 -1 5353 5353
-1 -1 -1 -1 -1 5353 5353
0x00 17 -1 -1 -1 5353 5353
0x00 17 -1 -1 -1 5353 5353
0x02 6 32292 443 0x0010 -1 -1
0x02 6 443 32292 0x0010 -1 -1
0x00 17 -1 -1 -1 5353 5353
-1 -1 -1 -1 -1 5353 5353
-1 -1 -1 -1 -1 5353 5353
0x00 17 -1 -1 -1 5353 5353
0x00 17 -1 -1 -1 5353 5353
-1 -1 -1 -1 -1 5353 5353
-1 -1 -1 -1 -1 5353 5353
0x00 17 -1 -1 -1 5353 5353
0x00 17 -1 -1 -1 61285 6667
0x00 17 -1 -1 -1 5353 5353
-1 -1 -1 -1 -1 5353 5353
-1 -1 -1 -1 -1 5353 5353
0x00 17 -1 -1 -1 5353 5353
0x02 6 4218 8009 0x0018 -1 -1
0x02 6 8009 4218 0x0018 -1 -1
0x02 6 4218 8009 0x0010 -1 -1
0x02 17 -1 -1 -1 9487 9478
0x00 17 -1 -1 -1 59621 59870
0x00 17 -1 -1 -1 59622 59870
0x00 17 -1 -1 -1 59624 59871
0x00 17 -1 -1 -1 59626 59871
0x00 17 -1 -1 -1 59627 59871
0x00 17 -1 -1 -1 59628 59870
0x00 17 -1 -1 -1 59629 59871
0x00 17 -1 -1 -1 59630 59870
0x00 17 -1 -1 -1 59633 59871
0x00 17 -1 -1 -1 59634 59871
0x00 17 -1 -1 -1 59635 59871
0x00 17 -1 -1 -1 59637 59871
0x02 6 4547 443 0x0018 -1 -1
0x02 6 443 4547 0x0010 -1 -1
0x02 6 443 4547 0x0018 -1 -1
0x00 17 -1 -1 -1 63804 6667
0x02 6 4547 443 0x0010 -1 -1
0x00 17 -1 -1 -1 5353 5353
-1 -1 -1 -1 -1 5353 5353
-1 -1 -1 -1 -1 5353 5353
0x00 17 -1 -1 -1 5353 5353
0x00 17 -1 -1 -1 5353 5353
-1 -1 -1 -1 -1 5353 5353
-1 -1 -1 -1 -1 5353 5353
0x00 17 -1 -1 -1 5353 5353
0x02 6 4297 443 0x0018 -1 -1
0x02 6 443 4297 0x0018 -1 -1
0x02 6 4300 443 0x0018 -1 -1
0x02 6 4297 443 0x0010 -1 -1
0x02 6 443 4300 0x0018 -1 -1
0x02 6 32232 8008 0x0010 -1 -1
0x02 6 8008 32232 0x0010 -1 -1
0x02 6 4300 443 0x0010 -1 -1
0x02 6 27037 4111 0x0018 -1 -1
0x02 6 4111 27037 0x0010 -1 -1
0x02 6 4153 443 0x0018 -1 -1
0x00 6 443 4153 0x0010 -1 -1
0x00 6 443 4153 0x0018 -1 -1
0x02 6 4153 443 0x0010 -1 -1
0x02 6 4183 8009 0x0018 -1 -1
0x02 6 8009 4183 0x0018 -1 -1
0x02 6 4183 8009 0x0010 -1 -1
0x02 6 32274 443 0x0010 -1 -1
0x02 6 32273 443 0x0010 -1 -1
0x02 6 32272 443 0x0010 -1 -1
0x02 6 32276 443 0x0010 -1 -1
0x02 6 443 32274 0x0010 -1 -1
0x02 6 32271 443 0x0010 -1 -1
0x02 6 443 32273 0x0010 -1 -1
0x02 6 443 32272 0x0010 -1 -1
0x02 6 443 32276 0x0010 -1 -1
0x02 6 443 32271 0x0010 -1 -1
0x02 6 32251 443 0x0010 -1 -1
0x02 6 443 32251 0x0010 -1 -1
0x02 6 32308 443 0x0010 -1 -1
0x02 6 443 32308 0x0010 -1 -1
0x00 17 -1 -1 -1 59638 59870
0x00 17 -1 -1 -1 59639 59870
0x02 6 32249 443 0x0018 -1 -1
0x02 6 27037 4111 0x0018 -1 -1
0x02 6 4111 27037 0x0010 -1 -1
0x02 6 443 32249 0x0010 -1 -1
0x02 6 443 32249 0x0018 -1 -1
0x02 6 32249 443 0x0010 -1 -1
0x00 17 -1 -1 -1 61285 6667
0x02 6 32299 443 0x0011 -1 -1
0x02 6 443 32299 0x0011 -1 -1
0x02 6 32299 443 0x0010 -1 -1
0x02 6 4218 8009 0x0018 -1 -1
0x02 6 8009 4218 0x0018 -1 -1
0x02 6 4218 8009 0x0010 -1 -1
0x02 6 27037 4111 0x0018 -1 -1
0x02 6 4111 27037 0x0010 -1 -1
0x02 6 27037 4111 0x0018 -1 -1
0x02 6 4111 27037 0x0010 -1 -1
0x00 17 -1 -1 -1 5353 5353
-1 -1 -1 -1 -1 5353 5353
-1 -1 -1 -1 -1 5353 5353
0x00 17 -1 -1 -1 5353 5353
0x00 17 -1 -1 -1 5353 5353
-1 -1 -1 -1 -1 5353 5353
-1 -1 -1 -1 -1 5353 5353
0x00 17 -1 -1 -1 5353 5353
0x02 17 -1 -1 -1 9999 9999
0x00 17 -1 -1 -1 63804 6667
-1 -1 -1 -1 -1 -1 -1
-1 -1 -1 -1 -1 -1 -1
0x00 17 -1 -1 -1 59640 59870
0x00 17 -1 -1 -1 59641 59870
0x02 6 32249 443 0x0018 -1 -1
0x02 6 443 32249 0x0018 -1 -1
0x00 17 -1 -1 -1 59642 59870
0x00 17 -1 -1 -1 59643 59870
0x02 6 32249 443 0x0018 -1 -1
0x02 6 443 32277 0x0018 -1 -1
0x02 6 32277 443 0x0011 -1 -1
0x02 6 443 32277 0x0011 -1 -1
0x02 6 32277 443 0x0010 -1 -1
0x02 6 443 32277 0x0010 -1 -1
0x02 6 443 32249 0x0018 -1 -1
0x02 6 32249 443 0x0010 -1 -1
0x02 6 4183 8009 0x0018 -1 -1
0x02 6 8009 4183 0x0018 -1 -1
0x02 6 4183 8009 0x0010 -1 -1
0x00 17 -1 -1 -1 61285 6667
0x02 6 4218 8009 0x0018 -1 -1
0x02 6 8009 4218 0x0018 -1 -1
0x02 6 4218 8009 0x0010 -1 -1
0x02 6 27037 4111 0x0018 -1 -1
0x02 6 4111 27037 0x0010 -1 -1
-1 -1 -1 -1 -1 -1 -1
-1 -1 -1 -1 -1 -1 -1
0x00 17 -1 -1 -1 59644 59870
0x00 17 -1 -1 -1 59645 59870
0x02 6 32249 443 0x0018 -1 -1
0x02 6 443 32249 0x0018 -1 -1
0x02 6 32249 443 0x0010 -1 -1
0x00 17 -1 -1 -1 63804 6667
0x02 6 4183 8009 0x0018 -1 -1
0x02 6 8009 4183 0x0018 -1 -1
0x02 6 4183 8009 0x0010 -1 -1
0x02 6 4136 4070 0x0018 -1 -1
0x00 17 -1 -1 -1 5353 5353
-1 -1 -1 -1 -1 5353 5353
-1 -1 -1 -1 -1 5353 5353
0x00 17 -1 -1 -1 5353 5353
-1 -1 -1 -1 -1 5353 5353
-1 -1 -1 -1 -1 5353 5353
0x00 17 -1 -1 -1 5353 5353
0x00 17 -1 -1 -1 5353 5353
0x00 17 -1 -1 -1 5353 5353
-1 -1 -1 -1 -1 5353 5353
0x00 17 -1 -1 -1 5353 5353
-1 -1 -1 -1 -1 5353 5353
-1 -1 -1 -1 -1 5353 5353
-1 -1 -1 -1 -1 5353 5353
0x00 17 -1 -1 -1 5353 5353
0x00 17 -1 -1 -1 5353 5353
0x02 6 4070 4136 0x0018 -1 -1
0x02 6 4136 4070 0x0010 -1 -1
0x00 17 -1 -1 -1 59684 59870
0x00 17 -1 -1 -1 59685 59870
0x02 6 32249 443 0x0018 -1 -1
0x02 6 443 32249 0x0018 -1 -1
0x00 17 -1 -1 -1 59686 59870
0x00 17 -1 -1 -1 59687 59870
0x02 6 32249 443 0x0018 -1 -1
0x02 6 4111 27037 0x0018 -1 -1
0x02 6 443 32249 0x0018 -1 -1
0x02 6 27037 4111 0x0010 -1 -1
0x02 6 32249 443 0x0010 -1 -1
0x00 17 -1 -1 -1 5353 5353
-1 -1 -1 -1 -1 5353 5353
-1 -1 -1 -1 -1 5353 5353
0x00 17 -1 -1 -1 5353 5353
0x00 17 -1 -1 -1 61285 6667
0x00 17 -1 -1 -1 5353 5353
-1 -1 -1 -1 -1 5353 5353
-1 -1 -1 -1 -1 5353 5353
0x00 17 -1 -1 -1 5353 5353
0x02 6 4218 8009 0x0018 -1 -1
0x02 6 8009 4218 0x0018 -1 -1
0x02 6 4218 8009 0x0010 -1 -1
0x02 6 27037 4111 0x0018 -1 -1
0x02 6 4111 27037 0x0010 -1 -1
0x00 17 -1 -1 -1 63804 6667
0x00 17 -1 -1 -1 57621 57621
0x00 17 -1 -1 -1 5353 5353
-1 -1 -1 -1 -1 5353 5353
-1 -1 -1 -1 -1 5353 5353
0x00 17 -1 -1 -1 5353 5353
0x00 17 -1 -1 -1 5353 5353
-1 -1 -1 -1 -1 5353 5353
-1 -1 -1 -1 -1 5353 5353
0x00 17 -1 -1 -1 5353 5353
0x02 6 32293 443 0x0010 -1 -1
0x02 6 32294 443 0x0010 -1 -1
0x02 6 32297 443 0x0010 -1 -1
0x02 6 32296 443 0x0010 -1 -1
0x02 6 32295 443 0x0010 -1 -1
0x02 6 443 32293 0x0010 -1 -1
0x02 6 443 32294 0x0010 -1 -1
0x02 6 443 32296 0x0010 -1 -1
0x02 6 443 32297 0x0010 -1 -1
0x02 6 443 32295 0x0010 -1 -1
0x00 17 -1 -1 -1 59688 59870
0x00 17 -1 -1 -1 59689 59870
0x02 6 32249 443 0x0018 -1 -1
0x02 6 443 32249 0x0010 -1 -1
0x02 6 4183 8009 0x0018 -1 -1
0x02 6 8009 4183 0x0018 -1 -1
0x02 6 4183 8009 0x0010 -1 -1
0x02 6 4183 8009 0x0018 -1 -1
0x02 6 8009 4183 0x0018 -1 -1
0x02 6 8009 4183 0x0010 -1 -1
0x02 6 4183 8009 0x0010 -1 -1
0x02 6 443 32249 0x0018 -1 -1
0x00 17 -1 -1 -1 59691 59871
0x00 17 -1 -1 -1 59693 59871
0x00 17 -1 -1 -1 59694 59871
0x00 17 -1 -1 -1 59695 59871
0x02 6 32249 443 0x0010 -1 -1
-1 -1 -1 -1 -1 -1 -1
0x02 6 4170 443 0x0018 -1 -1
0x00 6 443 4170 0x0010 -1 -1
0x00 17 -1 -1 -1 61285 6667
0x00 6 443 4170 0x0018 -1 -1
0x02 6 4170 443 0x0010 -1 -1
0x02 6 4218 8009 0x0018 -1 -1
0x02 6 8009 4218 0x0018 -1 -1
0x02 6 4218 8009 0x0010 -1 -1
0x02 6 27037 4111 0x0018 -1 -1
0x02 6 4111 27037 0x0010 -1 -1
-1 -1 -1 -1 -1 -1 -1
0x00 17 -1 -1 -1 5353 5353
-1 -1 -1 -1 -1 5353 5353
-1 -1 -1 -1 -1 5353 5353
0x00 17 -1 -1 -1 5353 5353
0x00 17 -1 -1 -1 5353 5353
-1 -1 -1 -1 -1 5353 5353
-1 -1 -1 -1 -1 5353 5353
0x00 17 -1 -1 -1 5353 5353
0x02 17 -1 -1 -1 5353 5353
0x02 17 -1 -1 -1 5353 5353
-1 -1 -1 -1 -1 5353 5353
-1 -1 -1 -1 -1 5353 5353
0x02 17 -1 -1 -1 5353 5353
-1 -1 -1 -1 -1 5353 5353
0x02 17 -1 -1 -1 5353 5353
-1 -1 -1 -1 -1 5353 5353
0x02 17 -1 -1 -1 5353 5353
0x00 17 -1 -1 -1 59696 59870
0x00 17 -1 -1 -1 59698 59870
0x00 17 -1 -1 -1 59700 59871
0x00 17 -1 -1 -1 59701 59871
0x00 17 -1 -1 -1 59702 59871
0x00 17 -1 -1 -1 59703 59871
0x00 17 -1 -1 -1 59704 59870
0x00 17 -1 -1 -1 59705 59870
0x00 17 -1 -1 -1 59708 59871
0x00 17 -1 -1 -1 59709 59871
0x00 17 -1 -1 -1 59710 59871
0x00 17 -1 -1 -1 59711 59871
-1 -1 -1 -1 -1 -1 -1
0x00 17 -1 -1 -1 63804 6667
0x02 6 32280 443 0x0010 -1 -1
0x02 6 443 32280 0x0010 -1 -1
0x02 6 32281 443 0x0010 -1 -1
0x02 6 443 32281 0x0010 -1 -1
-1 -1 -1 -1 -1 -1 -1
0x02 6 32282 443 0x0010 -1 -1
0x02 6 443 32282 0x0010 -1 -1
0x02 6 32279 443 0x0010 -1 -1
0x02 6 443 32279 0x0010 -1 -1
0x02 6 32256 443 0x0010 -1 -1
0x02 6 32255 443 0x0010 -1 -1
0x02 6 32275 443 0x0010 -1 -1
0x02 6 443 32256 0x0010 -1 -1
0x02 6 443 32255 0x0010 -1 -1
0x02 6 443 32275 0x0010 -1 -1
0x02 6 32254 443 0x0010 -1 -1
0x02 6 443 32254 0x0010 -1 -1
0x02 6 4183 8009 0x0018 -1 -1
0x02 6 8009 4183 0x0010 -1 -1
0x02 6 8009 4183 0x0018 -1 -1
0x02 6 4183 8009 0x0010 -1 -1
0x02 6 32278 443 0x0010 -1 -1
0x02 6 32286 443 0x0010 -1 -1
0x02 6 443 32278 0x0010 -1 -1
0x02 6 443 32286 0x0010 -1 -1
-1 -1 -1 -1 -1 -1 -1
0x00 17 -1 -1 -1 59712 59870
0x00 17 -1 -1 -1 59715 59870
0x00 17 -1 -1 -1 59719 59871
0x00 17 -1 -1 -1 59721 59871
0x00 17 -1 -1 -1 59722 59871
0x00 17 -1 -1 -1 59723 59871
-1 -1 -1 -1 -1 -1 -1
0x00 17 -1 -1 -1 61285 6667
0x02 6 4218 8009 0x0018 -1 -1
0x02 6 8009 4218 0x0018 -1 -1
0x02 6 4218 8009 0x0010 -1 -1
0x02 6 27037 4111 0x0018 -1 -1
0x02 6 4111 27037 0x0010 -1 -1
-1 -1 -1 -1 -1 -1 -1
-1 -1 -1 -1 -1 -1 -1
-1 -1 -1 -1 -1 -1 -1
0x00 17 -1 -1 -1 63804 6667
0x02 6 32257 443 0x0010 -1 -1
0x02 6 32252 443 0x0010 -1 -1
0x02 6 32253 443 0x0010 -1 -1
0x02 6 443 32257 0x0010 -1 -1
0x02 6 443 32252 0x0010 -1 -1
0x02 6 443 32253 0x0010 -1 -1
0x00 17 -1 -1 -1 59724 59870
0x00 17 -1 -1 -1 59725 59870
0x00 17 -1 -1 -1 59727 59871
0x00 17 -1 -1 -1 59729 59871
0x00 17 -1 -1 -1 59730 59871
0x00 17 -1 -1 -1 59731 59871
0x00 17 -1 -1 -1 59732 59870
0x00 17 -1 -1 -1 59733 59870
0x00 17 -1 -1 -1 59736 59871
0x00 17 -1 -1 -1 59737 59871
0x00 17 -1 -1 -1 59738 59871
0x00 17 -1 -1 -1 59739 59871
0x02 6 4183 8009 0x0018 -1 -1
0x02 6 8009 4183 0x0018 -1 -1
0x02 6 4183 8009 0x0010 -1 -1
0x00 17 -1 -1 -1 5353 5353
-1 -1 -1 -1 -1 5353 5353
-1 -1 -1 -1 -1 5353 5353
0x00 17 -1 -1 -1 5353 5353
-1 -1 -1 -1 -1 5353 5353
-1 -1 -1 -1 -1 5353 5353
0x00 17 -1 -1 -1 5353 5353
0x00 17 -1 -1 -1 5353 5353
0x00 17 -1 -1 -1 5353 5353
-1 -1 -1 -1 -1 5353 5353
-1 -1 -1 -1 -1 5353 5353
0x00 17 -1 -1 -1 5353 5353
0x00 17 -1 -1 -1 5353 5353
-1 -1 -1 -1 -1 5353 5353
-1 -1 -1 -1 -1 5353 5353
0x00 17 -1 -1 -1 5353 5353
0x00 17 -1 -1 -1 5353 5353
-1 -1 -1 -1 -1 5353 5353
-1 -1 -1 -1 -1 5353 5353
0x00 17 -1 -1 -1 5353 5353
0x00 17 -1 -1 -1 61285 6667
0x00 17 -1 -1 -1 5353 5353
-1 -1 -1 -1 -1 5353 5353
-1 -1 -1 -1 -1 5353 5353
0x00 17 -1 -1 -1 5353 5353
0x02 6 4218 8009 0x0018 -1 -1
0x02 6 8009 4218 0x0018 -1 -1
0x02 6 4218 8009 0x0010 -1 -1
0x00 17 -1 -1 -1 59740 59870
0x00 17 -1 -1 -1 59741 59870
0x02 6 32249 443 0x0018 -1 -1
0x02 6 443 32249 0x0010 -1 -1
0x02 6 443 32249 0x0018 -1 -1
0x02 6 32249 443 0x0010 -1 -1
0x00 17 -1 -1 -1 5353 5353
-1 -1 -1 -1 -1 5353 5353
0x02 17 -1 -1 -1 5353 5353
-1 -1 -1 -1 -1 5353 5353
0x02 6 4547 443 0x0018 -1 -1
0x02 6 443 4547 0x0010 -1 -1
0x00 17 -1 -1 -1 63804 6667
0x00 17 -1 -1 -1 5353 5353
-1 -1 -1 -1 -1 5353 5353
-1 -1 -1 -1 -1 5353 5353
0x00 17 -1 -1 -1 5353 5353
0x00 17 -1 -1 -1 5353 5353
-1 -1 -1 -1 -1 5353 5353
-1 -1 -1 -1 -1 5353 5353
0x00 17 -1 -1 -1 5353 5353
0x02 6 443 4547 0x0018 -1 -1
0x02 6 4547 443 0x0010 -1 -1
-1 -1 -1 -1 -1 -1 -1
-1 -1 -1 -1 -1 -1 -1
0x02 17 -1 -1 -1 5353 5353
0x02 6 4183 8009 0x0018 -1 -1
0x02 6 8009 4183 0x0018 -1 -1
0x02 6 4183 8009 0x0010 -1 -1
0x00 17 -1 -1 -1 59742 59870
0x00 17 -1 -1 -1 59743 59870
0x02 6 32249 443 0x0018 -1 -1
0x02 6 4153 443 0x0018 -1 -1
0x00 6 443 4153 0x0010 -1 -1
0x02 6 443 32249 0x0018 -1 -1
0x00 17 -1 -1 -1 59744 59870
0x00 17 -1 -1 -1 59745 59870
0x02 6 32249 443 0x0018 -1 -1
0x00 6 443 4153 0x0018 -1 -1
0x02 6 4153 443 0x0010 -1 -1
0x02 6 443 32249 0x0018 -1 -1
0x02 6 32249 443 0x0010 -1 -1
0x02 6 32270 443 0x0010 -1 -1
0x02 6 443 32270 0x0010 -1 -1
0x02 6 32265 443 0x0010 -1 -1
0x02 6 32263 443 0x0010 -1 -1
0x02 6 32266 443 0x0010 -1 -1
0x02 6 32264 443 0x0010 -1 -1
0x02 6 32268 443 0x0010 -1 -1
0x02 6 443 32263 0x0010 -1 -1
0x02 6 443 32266 0x0010 -1 -1
0x02 6 443 32265 0x0010 -1 -1
0x02 6 443 32264 0x0010 -1 -1
0x02 6 443 32268 0x0010 -1 -1
0x02 6 32267 443 0x0010 -1 -1
0x02 6 443 32267 0x0010 -1 -1
0x02 6 32285 443 0x0010 -1 -1
0x00 6 443 32285 0x0010 -1 -1
0x00 17 -1 -1 -1 61285 6667
0x02 6 4218 8009 0x0018 -1 -1
0x02 6 8009 4218 0x0018 -1 -1
0x02 6 4218 8009 0x0010 -1 -1
0x00 17 -1 -1 -1 5353 5353
-1 -1 -1 -1 -1 5353 5353
-1 -1 -1 -1 -1 5353 5353
0x00 17 -1 -1 -1 5353 5353
0x00 17 -1 -1 -1 5353 5353
-1 -1 -1 -1 -1 5353 5353
-1 -1 -1 -1 -1 5353 5353
0x00 17 -1 -1 -1 5353 5353
0x00 17 -1 -1 -1 63804 6667
0x00 17 -1 -1 -1 59746 59870
0x00 17 -1 -1 -1 59747 59870
0x02 6 32249 443 0x0018 -1 -1
0x02 6 443 32249 0x0010 -1 -1
0x02 6 443 32249 0x0018 -1 -1
0x00 17 -1 -1 -1 59749 59871
0x00 17 -1 -1 -1 59751 59871
0x00 17 -1 -1 -1 59752 59871
0x00 17 -1 -1 -1 59753 59871
0x02 6 32249 443 0x0010 -1 -1
0x02 6 4183 8009 0x0018 -1 -1
0x02 6 8009 4183 0x0018 -1 -1
0x02 6 4183 8009 0x0010 -1 -1
0x02 6 32199 443 0x0018 -1 -1
0x02 6 32199 443 0x0011 -1 -1
0x00 17 -1 -1 -1 53874 53
0x00 17 -1 -1 -1 55362 53
0x00 17 -1 -1 -1 53 53874
0x02 6 443 32199 0x0004 -1 -1
0x00 17 -1 -1 -1 53 55362
0x02 6 32315 443 0x0002 -1 -1
0x02 6 443 32315 0x0012 -1 -1
0x02 6 32315 443 0x0010 -1 -1
0x02 6 32315 443 0x0018 -1 -1
0x02 6 443 32315 0x0010 -1 -1
0x02 6 443 32315 0x0010 -1 -1
0x02 6 443 32315 0x0018 -1 -1
0x02 6 32315 443 0x0010 -1 -1
0x02 6 443 32315 0x0018 -1 -1
0x02 6 32315 443 0x0018 -1 -1
0x02 6 32315 443 0x0018 -1 -1
0x02 6 32315 443 0x0018 -1 -1
0x02 6 32315 443 0x0018 -1 -1
0x02 6 32315 443 0x0018 -1 -1
0x02 6 32315 443 0x0018 -1 -1
0x02 6 32315 443 0x0018 -1 -1
0x02 6 32315 443 0x0018 -1 -1
0x02 6 443 32315 0x0010 -1 -1
0x02 6 443 32315 0x0010 -1 -1
0x02 6 443 32315 0x0010 -1 -1
0x02 6 443 32315 0x0018 -1 -1
0x02 6 443 32315 0x0018 -1 -1
0x02 6 32315 443 0x0010 -1 -1
0x02 6 32315 443 0x0018 -1 -1
0x02 6 443 32315 0x0018 -1 -1
0x02 6 32315 443 0x0010 -1 -1
0x02 6 443 32315 0x0010 -1 -1
0x00 17 -1 -1 -1 61285 6667
0x02 6 32289 443 0x0011 -1 -1
0x02 6 443 32315 0x0010 -1 -1
0x02 6 443 32315 0x0018 -1 -1
0x02 6 32315 443 0x0010 -1 -1
0x02 6 32315 443 0x0018 -1 -1
0x02 6 32315 443 0x0018 -1 -1
0x02 6 32315 443 0x0018 -1 -1
0x02 6 443 32315 0x0010 -1 -1
0x02 6 443 32315 0x0018 -1 -1
0x02 6 443 32315 0x0010 -1 -1
0x02 6 443 32315 0x0010 -1 -1
0x02 6 32315 443 0x0010 -1 -1
0x02 6 443 32315 0x0018 -1 -1
0x02 6 32315 443 0x0010 -1 -1
0x02 6 443 32289 0x0011 -1 -1
0x02 6 32289 443 0x0010 -1 -1
0x02 6 4218 8009 0x0018 -1 -1
0x02 6 8009 4218 0x0018 -1 -1
0x02 6 4218 8009 0x0010 -1 -1
0x02 6 443 32315 0x0010 -1 -1
