0x02 6 443 32249 0x0010 -1 -1
0x02 6 443 32249 0x0018 -1 -1
-1 -1 -1 -1 -1 -1 -1
-1 -1 -1 -1 -1 -1 -1
0x02 6 32249 443 0x0010 -1 -1
-1 -1 -1 -1 -1 -1 -1
0x02 6 443 32305 0x0018 -1 -1
0x02 6 32305 443 0x0010 -1 -1
0x02 6 443 32306 0x0018 -1 -1
0x02 6 32306 443 0x0010 -1 -1
0x02 6 443 32305 0x0011 -1 -1
0x02 6 32305 443 0x0010 -1 -1
0x02 6 443 32306 0x0011 -1 -1
0x02 6 32306 443 0x0010 -1 -1
0x00 17 -1 -1 -1 63804 6667
0x02 6 4183 8009 0x0018 -1 -1
0x02 6 8009 4183 0x0010 -1 -1
0x02 6 8009 4183 0x0018 -1 -1
0x02 6 4183 8009 0x0010 -1 -1
0x02 6 443 32259 0x0018 -1 -1
0x02 6 32259 443 0x0011 -1 -1
0x02 6 443 32259 0x0011 -1 -1
0x02 6 32259 443 0x0010 -1 -1
0x02 6 443 32259 0x0010 -1 -1
0x02 6 443 32260 0x0018 -1 -1
0x02 6 32260 443 0x0011 -1 -1
0x02 6 443 32260 0x0011 -1 -1
0x02 6 32260 443 0x0010 -1 -1
0x02 6 443 32260 0x0010 -1 -1
0x00 17 -1 -1 -1 51955 59870
0x00 17 -1 -1 -1 51956 59870
0x02 6 32249 443 0x0018 -1 -1
0x00 17 -1 -1 -1 5353 5353
-1 -1 -1 -1 -1 5353 5353
0x00 17 -1 -1 -1 5353 5353
-1 -1 -1 -1 -1 5353 5353
-1 -1 -1 -1 -1 5353 5353
-1 -1 -1 -1 -1 5353 5353
0x00 17 -1 -1 -1 5353 5353
0x00 17 -1 -1 -1 5353 5353
0x00 17 -1 -1 -1 5353 5353
-1 -1 -1 -1 -1 5353 5353
0x00 17 -1 -1 -1 5353 5353
-1 -1 -1 -1 -1 5353 5353
-1 -1 -1 -1 -1 5353 5353
-1 -1 -1 -1 -1 5353 5353
0x00 17 -1 -1 -1 5353 5353
0x00 17 -1 -1 -1 5353 5353
0x02 6 443 32249 0x0018 -1 -1
0x00 17 -1 -1 -1 51957 59870
0x00 17 -1 -1 -1 51958 59870
0x02 6 32249 443 0x0018 -1 -1
0x02 6 443 32249 0x0018 -1 -1
0x02 6 32249 443 0x0010 -1 -1
0x02 17 -1 -1 -1 5353 5353
0x00 17 -1 -1 -1 5353 5353
-1 -1 -1 -1 -1 5353 5353
-1 -1 -1 -1 -1 5353 5353
0x00 17 -1 -1 -1 5353 5353
0x00 17 -1 -1 -1 61285 6667
0x00 17 -1 -1 -1 5353 5353
-1 -1 -1 -1 -1 5353 5353
-1 -1 -1 -1 -1 5353 5353
0x00 17 -1 -1 -1 5353 5353
0x02 6 4218 8009 0x0018 -1 -1
0x02 6 8009 4218 0x0018 -1 -1
0x02 6 4218 8009 0x0010 -1 -1
0x02 6 27037 4111 0x0018 -1 -1
0x02 6 4111 27037 0x0010 -1 -1
0x02 6 4547 443 0x0018 -1 -1
0x02 6 443 4547 0x0010 -1 -1
0x02 6 443 4547 0x0018 -1 -1
0x02 6 4547 443 0x0010 -1 -1
0x02 6 4153 443 0x0018 -1 -1
0x00 6 443 4153 0x0010 -1 -1
0x00 17 -1 -1 -1 63804 6667
0x00 17 -1 -1 -1 5353 5353
-1 -1 -1 -1 -1 5353 5353
-1 -1 -1 -1 -1 5353 5353
0x00 17 -1 -1 -1 5353 5353
0x00 6 443 4153 0x0018 -1 -1
0x00 17 -1 -1 -1 5353 5353
-1 -1 -1 -1 -1 5353 5353
-1 -1 -1 -1 -1 5353 5353
0x00 17 -1 -1 -1 5353 5353
0x02 6 4153 443 0x0010 -1 -1
0x00 17 -1 -1 -1 51959 59870
0x00 17 -1 -1 -1 51960 59870
0x02 6 32249 443 0x0018 -1 -1
0x02 6 4183 8009 0x0018 -1 -1
0x02 6 443 32249 0x0018 -1 -1
0x02 6 32249 443 0x0010 -1 -1
0x02 6 32293 443 0x0010 -1 -1
0x02 6 32294 443 0x0010 -1 -1
0x02 6 32297 443 0x0010 -1 -1
0x02 6 32296 443 0x0010 -1 -1
0x02 6 32295 443 0x0010 -1 -1
0x02 6 443 32293 0x0010 -1 -1
0x02 6 443 32294 0x0010 -1 -1
0x02 6 443 32296 0x0010 -1 -1
0x02 6 443 32297 0x0010 -1 -1
0x02 6 443 32295 0x0010 -1 -1
0x02 6 4183 8009 0x0018 -1 -1
0x02 6 8009 4183 0x0010 -1 -1
0x02 6 8009 4183 0x0018 -1 -1
0x02 6 4183 8009 0x0010 -1 -1
0x00 17 -1 -1 -1 61285 6667
0x02 6 4218 8009 0x0018 -1 -1
0x02 6 8009 4218 0x0018 -1 -1
0x02 6 4218 8009 0x0010 -1 -1
0x00 17 -1 -1 -1 51961 59870
0x00 17 -1 -1 -1 51962 59870
0x02 6 32249 443 0x0018 -1 -1
0x02 6 443 32249 0x0018 -1 -1
0x00 17 -1 -1 -1 51963 59870
0x00 17 -1 -1 -1 51964 59870
0x02 6 32249 443 0x0018 -1 -1
0x02 6 443 32249 0x0010 -1 -1
0x00 17 -1 -1 -1 5353 5353
-1 -1 -1 -1 -1 5353 5353
-1 -1 -1 -1 -1 5353 5353
0x00 17 -1 -1 -1 5353 5353
0x00 17 -1 -1 -1 54354 53
0x00 17 -1 -1 -1 59948 53
0x00 17 -1 -1 -1 53 54354
0x00 17 -1 -1 -1 53 59948
0x02 17 -1 -1 -1 65171 443
0x02 17 -1 -1 -1 65171 443
0x02 17 -1 -1 -1 443 65171
0x02 17 -1 -1 -1 443 65171
0x02 17 -1 -1 -1 443 65171
0x02 17 -1 -1 -1 65171 443
0x02 17 -1 -1 -1 65171 443
0x02 17 -1 -1 -1 65171 443
0x02 17 -1 -1 -1 443 65171
0x02 17 -1 -1 -1 443 65171
0x02 17 -1 -1 -1 65171 443
0x00 17 -1 -1 -1 5353 5353
-1 -1 -1 -1 -1 5353 5353
-1 -1 -1 -1 -1 5353 5353
0x00 17 -1 -1 -1 5353 5353
0x02 17 -1 -1 -1 443 65171
0x02 17 -1 -1 -1 65171 443
0x02 17 -1 -1 -1 65171 443
0x02 17 -1 -1 -1 65171 443
0x02 17 -1 -1 -1 443 65171
0x02 17 -1 -1 -1 443 65171
0x02 17 -1 -1 -1 65171 443
0x02 17 -1 -1 -1 443 65171
0x02 6 443 32249 0x0018 -1 -1
0x00 17 -1 -1 -1 65173 59871
0x00 17 -1 -1 -1 65175 59871
0x00 17 -1 -1 -1 65176 59871
0x00 17 -1 -1 -1 65177 59871
0x02 6 32249 443 0x0010 -1 -1
0x00 17 -1 -1 -1 63804 6667
0x00 17 -1 -1 -1 61656 53
0x00 17 -1 -1 -1 55761 53
0x00 17 -1 -1 -1 53 61656
0x00 17 -1 -1 -1 53 55761
0x02 6 32309 443 0x0002 -1 -1
0x00 17 -1 -1 -1 5353 5353
0x02 6 443 32309 0x0012 -1 -1
0x02 6 32309 443 0x0010 -1 -1
-1 -1 -1 -1 -1 5353 5353
0x02 6 32309 443 0x0018 -1 -1
0x02 6 32280 443 0x0010 -1 -1
0x02 6 443 32280 0x0010 -1 -1
0x02 6 443 32309 0x0018 -1 -1
0x02 6 443 32309 0x0018 -1 -1
0x02 6 32309 443 0x0010 -1 -1
0x02 6 443 32309 0x0018 -1 -1
0x02 6 443 32309 0x0018 -1 -1
0x02 6 32309 443 0x0010 -1 -1
0x02 6 32309 443 0x0018 -1 -1
0x02 6 32281 443 0x0010 -1 -1
0x02 6 443 32281 0x0010 -1 -1
0x02 6 4183 8009 0x0018 -1 -1
0x02 6 32282 443 0x0010 -1 -1
0x02 6 443 32282 0x0010 -1 -1
0x02 6 443 32309 0x0010 -1 -1
0x02 6 443 32309 0x0018 -1 -1
0x02 6 443 32309 0x0018 -1 -1
0x02 6 32309 443 0x0010 -1 -1
0x02 6 32309 443 0x0018 -1 -1
0x02 6 32309 443 0x0018 -1 -1
0x02 6 8009 4183 0x0018 -1 -1
0x02 6 4183 8009 0x0010 -1 -1
0x02 6 443 32309 0x0010 -1 -1
0x02 6 443 32309 0x0010 -1 -1
0x02 6 443 32309 0x0018 -1 -1
0x02 6 32309 443 0x0018 -1 -1
0x02 6 32309 443 0x0011 -1 -1
0x02 6 443 32309 0x0011 -1 -1
0x02 6 32309 443 0x0010 -1 -1
0x02 6 32279 443 0x0010 -1 -1
0x02 6 443 32279 0x0010 -1 -1
0x02 6 32277 443 0x0010 -1 -1
0x02 6 32256 443 0x0010 -1 -1
0x02 6 32255 443 0x0010 -1 -1
0x02 6 32275 443 0x0010 -1 -1
0x02 6 443 32277 0x0010 -1 -1
0x02 6 443 32256 0x0010 -1 -1
0x02 6 443 32255 0x0010 -1 -1
0x02 6 443 32275 0x0010 -1 -1
0x02 6 443 32309 0x0011 -1 -1
0x02 6 443 32309 0x0010 -1 -1
0x02 6 32254 443 0x0010 -1 -1
0x02 6 443 32254 0x0010 -1 -1
0x02 6 32278 443 0x0010 -1 -1
0x02 6 32286 443 0x0010 -1 -1
0x02 6 443 32278 0x0010 -1 -1
0x02 6 443 32286 0x0010 -1 -1
0x00 17 -1 -1 -1 65178 59870
0x00 17 -1 -1 -1 65180 59870
0x00 17 -1 -1 -1 65182 59871
0x00 17 -1 -1 -1 65183 59871
0x00 17 -1 -1 -1 65184 59871
0x00 17 -1 -1 -1 65185 59871
0x00 17 -1 -1 -1 64199 53
0x00 17 -1 -1 -1 51783 53
0x00 17 -1 -1 -1 53 64199
0x00 17 -1 -1 -1 53 51783
0x02 17 -1 -1 -1 58371 443
0x02 17 -1 -1 -1 443 58371
0x02 17 -1 -1 -1 58371 443
0x02 17 -1 -1 -1 58371 443
0x02 17 -1 -1 -1 58371 443
0x02 17 -1 -1 -1 58371 443
0x02 17 -1 -1 -1 58371 443
0x02 17 -1 -1 -1 58371 443
0x02 17 -1 -1 -1 58371 443
0x02 17 -1 -1 -1 58371 443
0x02 17 -1 -1 -1 58371 443
0x02 17 -1 -1 -1 58371 443
0x02 17 -1 -1 -1 443 58371
0x02 17 -1 -1 -1 443 58371
0x02 17 -1 -1 -1 58371 443
0x02 17 -1 -1 -1 443 58371
0x02 17 -1 -1 -1 443 58371
0x02 17 -1 -1 -1 443 58371
0x02 17 -1 -1 -1 443 58371
0x02 17 -1 -1 -1 443 58371
0x02 17 -1 -1 -1 58371 443
0x02 17 -1 -1 -1 443 58371
0x02 17 -1 -1 -1 58371 443
0x02 17 -1 -1 -1 443 58371
0x00 17 -1 -1 -1 61285 6667
0x00 17 -1 -1 -1 59636 53
0x00 17 -1 -1 -1 55256 53
0x00 17 -1 -1 -1 53 59636
0x00 17 -1 -1 -1 53 55256
0x02 6 32310 443 0x0002 -1 -1
0x00 17 -1 -1 -1 63760 1900
0x02 17 -1 -1 -1 59573 63760
0x02 6 32311 8008 0x0002 -1 -1
0x02 6 8008 32311 0x0012 -1 -1
0x02 6 32311 8008 0x0010 -1 -1
0x02 6 32311 8008 0x0018 -1 -1
0x02 6 8008 32311 0x0010 -1 -1
0x02 6 8008 32311 0x0018 -1 -1
0x02 6 443 32310 0x0012 -1 -1
0x02 6 32310 443 0x0010 -1 -1
0x02 6 32310 443 0x0018 -1 -1
0x02 6 32311 8008 0x0010 -1 -1
0x02 6 32311 8008 0x0011 -1 -1
0x02 6 4218 8009 0x0018 -1 -1
0x02 6 8009 4218 0x0018 -1 -1
0x02 6 4218 8009 0x0010 -1 -1
0x02 6 8008 32311 0x0011 -1 -1
0x02 6 32311 8008 0x0010 -1 -1
0x02 6 443 32310 0x0010 -1 -1
0x02 6 443 32310 0x0010 -1 -1
0x02 6 443 32310 0x0010 -1 -1
0x02 6 443 32310 0x0010 -1 -1
0x02 6 32310 443 0x0010 -1 -1
0x02 6 443 32310 0x0010 -1 -1
0x02 6 443 32310 0x0018 -1 -1
0x02 6 32310 443 0x0010 -1 -1
0x02 6 32310 443 0x0018 -1 -1
0x02 6 443 32310 0x0010 -1 -1
0x02 6 443 32310 0x0018 -1 -1
0x02 6 443 32310 0x0018 -1 -1
0x02 6 32310 443 0x0010 -1 -1
0x02 6 32310 443 0x0018 -1 -1
0x02 6 32310 443 0x0018 -1 -1
0x02 6 32310 443 0x0018 -1 -1
0x02 6 32310 443 0x0018 -1 -1
0x02 6 443 32310 0x0010 -1 -1
0x02 6 443 32310 0x0018 -1 -1
0x02 6 443 32310 0x0010 -1 -1
0x02 6 443 32310 0x0018 -1 -1
0x02 6 32310 443 0x0010 -1 -1
0x02 6 443 32310 0x0018 -1 -1
0x02 6 32310 443 0x0011 -1 -1
0x02 6 443 32310 0x0011 -1 -1
0x02 6 32310 443 0x0010 -1 -1
-1 -1 -1 -1 -1 -1 -1
-1 -1 -1 -1 -1 -1 -1
0x02 17 -1 -1 -1 5353 5353
0x02 17 -1 -1 -1 5353 5353
-1 -1 -1 -1 -1 5353 5353
-1 -1 -1 -1 -1 5353 5353
0x02 17 -1 -1 -1 5353 5353
-1 -1 -1 -1 -1 5353 5353
0x00 17 -1 -1 -1 63804 6667
0x00 17 -1 -1 -1 58410 59870
0x00 17 -1 -1 -1 58411 59870
0x00 17 -1 -1 -1 58414 59871
0x00 17 -1 -1 -1 58415 59871
0x00 17 -1 -1 -1 58416 59871
0x00 17 -1 -1 -1 58417 59871
0x00 17 -1 -1 -1 58418 59870
0x00 17 -1 -1 -1 58419 59870
0x00 17 -1 -1 -1 58422 59871
0x00 17 -1 -1 -1 58423 59871
0x00 17 -1 -1 -1 58424 59871
0x00 17 -1 -1 -1 58425 59871
0x02 6 32257 443 0x0010 -1 -1
0x02 6 32252 443 0x0010 -1 -1
0x02 6 32253 443 0x0010 -1 -1
0x02 6 443 32257 0x0010 -1 -1
0x02 6 443 32252 0x0010 -1 -1
0x02 6 443 32253 0x0010 -1 -1
0x02 6 443 32287 0x0014 -1 -1
0x02 6 4183 8009 0x0018 -1 -1
0x02 6 8009 4183 0x0018 -1 -1
0x02 6 4183 8009 0x0010 -1 -1
0x00 17 -1 -1 -1 5353 5353
-1 -1 -1 -1 -1 5353 5353
-1 -1 -1 -1 -1 5353 5353
0x00 17 -1 -1 -1 5353 5353
0x00 17 -1 -1 -1 5353 5353
-1 -1 -1 -1 -1 5353 5353
-1 -1 -1 -1 -1 5353 5353
0x00 17 -1 -1 -1 5353 5353
0x00 17 -1 -1 -1 5353 5353
-1 -1 -1 -1 -1 5353 5353
-1 -1 -1 -1 -1 5353 5353
0x00 17 -1 -1 -1 5353 5353
0x00 17 -1 -1 -1 61285 6667
0x00 17 -1 -1 -1 5353 5353
-1 -1 -1 -1 -1 5353 5353
-1 -1 -1 -1 -1 5353 5353
0x00 17 -1 -1 -1 5353 5353
0x02 6 4218 8009 0x0018 -1 -1
0x02 6 8009 4218 0x0018 -1 -1
0x02 6 4218 8009 0x0010 -1 -1
0x00 17 -1 -1 -1 58426 59870
0x00 17 -1 -1 -1 58428 59870
0x00 17 -1 -1 -1 58429 59871
0x00 17 -1 -1 -1 58431 59871
0x00 17 -1 -1 -1 58432 59871
0x00 17 -1 -1 -1 58433 59871
0x00 17 -1 -1 -1 63804 6667
0x00 17 -1 -1 -1 57621 57621
0x00 17 -1 -1 -1 5353 5353
-1 -1 -1 -1 -1 5353 5353
-1 -1 -1 -1 -1 5353 5353
0x00 17 -1 -1 -1 5353 5353
0x00 17 -1 -1 -1 5353 5353
-1 -1 -1 -1 -1 5353 5353
-1 -1 -1 -1 -1 5353 5353
0x00 17 -1 -1 -1 5353 5353
0x02 6 4111 27037 0x0018 -1 -1
0x02 6 27037 4111 0x0010 -1 -1
0x02 6 4183 8009 0x0018 -1 -1
0x02 6 8009 4183 0x0018 -1 -1
0x02 6 4183 8009 0x0010 -1 -1
0x00 17 -1 -1 -1 58434 59870
0x00 17 -1 -1 -1 58435 59870
0x02 6 32249 443 0x0018 -1 -1
0x02 6 443 32249 0x0010 -1 -1
0x02 6 443 32249 0x0018 -1 -1
0x00 17 -1 -1 -1 58436 59870
0x00 17 -1 -1 -1 58437 59870
0x02 6 32249 443 0x0018 -1 -1
0x02 6 443 32249 0x0018 -1 -1
0x02 6 32249 443 0x0010 -1 -1
0x02 6 27037 4111 0x0018 -1 -1
0x02 6 4111 27037 0x0010 -1 -1
0x02 6 32270 443 0x0010 -1 -1
0x02 6 443 32270 0x0010 -1 -1
0x02 6 32266 443 0x0010 -1 -1
0x02 6 32263 443 0x0010 -1 -1
0x02 6 32264 443 0x0010 -1 -1
0x02 6 32265 443 0x0010 -1 -1
0x02 6 32268 443 0x0010 -1 -1
0x02 6 443 32263 0x0010 -1 -1
0x02 6 443 32266 0x0010 -1 -1
0x02 6 443 32265 0x0010 -1 -1
0x02 6 443 32264 0x0010 -1 -1
0x02 6 443 32268 0x0010 -1 -1
0x02 6 32267 443 0x0010 -1 -1
0x02 6 443 32267 0x0010 -1 -1
0x02 6 4170 443 0x0018 -1 -1
0x00 6 443 4170 0x0010 -1 -1
0x02 6 32285 443 0x0010 -1 -1
0x00 6 443 32285 0x0010 -1 -1
0x00 6 443 4170 0x0018 -1 -1
0x00 17 -1 -1 -1 61285 6667
0x02 6 4170 443 0x0010 -1 -1
0x02 6 4218 8009 0x0018 -1 -1
0x02 6 8009 4218 0x0018 -1 -1
0x02 6 4218 8009 0x0010 -1 -1
0x00 17 -1 -1 -1 57983 53
0x00 17 -1 -1 -1 64173 53
0x00 17 -1 -1 -1 53 57983
0x00 17 -1 -1 -1 53 64173
0x02 6 32312 443 0x0002 -1 -1
0x02 6 443 32312 0x0012 -1 -1
0x02 6 32312 443 0x0010 -1 -1
0x02 6 32312 443 0x0018 -1 -1
0x02 6 443 32312 0x0010 -1 -1
0x02 6 443 32312 0x0010 -1 -1
0x02 6 443 32312 0x0018 -1 -1
0x02 6 32312 443 0x0010 -1 -1
0x02 6 443 32312 0x0018 -1 -1
0x02 6 32312 443 0x0018 -1 -1
0x02 6 443 32312 0x0010 -1 -1
0x02 6 443 32312 0x0018 -1 -1
0x02 6 32312 443 0x0018 -1 -1
0x02 6 32312 443 0x0018 -1 -1
0x02 6 443 32312 0x0010 -1 -1
0x02 6 443 32312 0x0010 -1 -1
0x00 17 -1 -1 -1 5353 5353
-1 -1 -1 -1 -1 5353 5353
-1 -1 -1 -1 -1 5353 5353
0x00 17 -1 -1 -1 5353 5353
0x02 6 443 32312 0x0018 -1 -1
0x02 6 443 32312 0x0018 -1 -1
0x02 6 32312 443 0x0010 -1 -1
0x02 6 443 32312 0x0018 -1 -1
0x02 6 32312 443 0x0018 -1 -1
0x02 6 32312 443 0x0011 -1 -1
0x02 6 443 32312 0x0018 -1 -1
0x02 6 32312 443 0x0014 -1 -1
0x02 6 443 32312 0x0010 -1 -1
0x02 6 443 32312 0x0018 -1 -1
0x00 17 -1 -1 -1 5353 5353
-1 -1 -1 -1 -1 5353 5353
-1 -1 -1 -1 -1 5353 5353
0x00 17 -1 -1 -1 5353 5353
0x00 17 -1 -1 -1 58438 59870
0x00 17 -1 -1 -1 58439 59870
0x02 6 32249 443 0x0018 -1 -1
0x00 17 -1 -1 -1 63804 6667
0x02 6 443 32249 0x0010 -1 -1
0x02 6 443 32249 0x0018 -1 -1
0x00 17 -1 -1 -1 58441 59871
0x00 17 -1 -1 -1 58443 59871
0x00 17 -1 -1 -1 58444 59871
0x00 17 -1 -1 -1 58445 59871
0x02 6 32249 443 0x0010 -1 -1
0x02 6 4183 8009 0x0018 -1 -1
0x02 6 8009 4183 0x0018 -1 -1
0x02 6 4183 8009 0x0010 -1 -1
0x00 17 -1 -1 -1 61285 6667
0x02 6 4218 8009 0x0018 -1 -1
0x02 6 8009 4218 0x0018 -1 -1
0x02 6 4218 8009 0x0010 -1 -1
0x00 17 -1 -1 -1 58446 59870
0x00 17 -1 -1 -1 58447 59870
0x00 17 -1 -1 -1 58449 59871
0x00 17 -1 -1 -1 58451 59871
0x00 17 -1 -1 -1 58452 59871
0x00 17 -1 -1 -1 58453 59871
0x00 17 -1 -1 -1 58454 59870
0x00 17 -1 -1 -1 58455 59870
0x00 17 -1 -1 -1 58458 59871
0x00 17 -1 -1 -1 58459 59871
0x00 17 -1 -1 -1 58460 59871
0x00 17 -1 -1 -1 58461 59871
0x02 17 -1 -1 -1 59612 443
0x02 17 -1 -1 -1 59612 443
0x02 17 -1 -1 -1 443 59612
0x02 17 -1 -1 -1 443 59612
0x02 17 -1 -1 -1 443 59612
0x02 17 -1 -1 -1 59612 443
0x02 17 -1 -1 -1 59612 443
0x02 17 -1 -1 -1 443 59612
0x02 17 -1 -1 -1 59612 443
-1 -1 -1 -1 -1 -1 -1
-1 -1 -1 -1 -1 -1 -1
-1 -1 -1 -1 -1 -1 -1
0x00 17 -1 -1 -1 63804 6667
0x02 6 4183 8009 0x0018 -1 -1
0x02 6 8009 4183 0x0018 -1 -1
0x02 6 32258 443 0x0010 -1 -1
0x02 6 443 32258 0x0010 -1 -1
0x02 6 4183 8009 0x0010 -1 -1
0x00 17 -1 -1 -1 59613 59870
0x00 17 -1 -1 -1 59614 59870
0x00 17 -1 -1 -1 59617 59871
0x00 17 -1 -1 -1 59618 59871
0x00 17 -1 -1 -1 59619 59871
0x00 17 -1 -1 -1 59620 59871
0x00 17 -1 -1 -1 5353 5353
-1 -1 -1 -1 -1 5353 5353
0x00 17 -1 -1 -1 5353 5353
-1 -1 -1 -1 -1 5353 5353
-1 -1 -1 -1 -1 5353 5353
-1 -1 -1 -1 -1 5353 5353
0x00 17 -1 -1 -1 5353 5353
0x00 17 -1 -1 -1 5353 5353
0x02 6 32292 443 0x0010 -1 -1
0x02 6 443 32292 0x0010 -1 -1
0x00 17 -1 -1 -1 5353 5353
-1 -1 -1 -1 -1 5353 5353
-1 -1 -1 -1 -1 5353 5353
0x00 17 -1 -1 -1 5353 5353
0x00 17 -1 -1 -1 5353 5353
-1 -1 -1 -1 -1 5353 5353
-1 -1 -1 -1 -1 5353 5353
0x00 17 -1 -1 -1 5353 5353
0x00 17 -1 -1 -1 61285 6667
0x00 17 -1 -1 -1 5353 5353
-1 -1 -1 -1 -1 5353 5353
-1 -1 -1 -1 -1 5353 5353
0x00 17 -1 -1 -1 5353 5353
0x02 6 4218 8009 0x0018 -1 -1
0x02 6 8009 4218 0x0018 -1 -1
0x02 6 4218 8009 0x0010 -1 -1
0x02 17 -1 -1 -1 9487 9478
0x00 17 -1 -1 -1 59621 59870
0x00 17 -1 -1 -1 59622 59870
0x00 17 -1 -1 -1 59624 59871
0x00 17 -1 -1 -1 59626 59871
0x00 17 -1 -1 -1 59627 59871
0x00 17 -1 -1 -1 59628 59870
0x00 17 -1 -1 -1 59629 59871
0x00 17 -1 -1 -1 59630 59870
0x00 17 -1 -1 -1 59633 59871
0x00 17 -1 -1 -1 59634 59871
0x00 17 -1 -1 -1 59635 59871
0x00 17 -1 -1 -1 59637 59871
0x02 6 4547 443 0x0018 -1 -1
0x02 6 443 4547 0x0010 -1 -1
0x02 6 443 4547 0x0018 -1 -1
0x00 17 -1 -1 -1 63804 6667
0x02 6 4547 443 0x0010 -1 -1
0x00 17 -1 -1 -1 5353 5353
-1 -1 -1 -1 -1 5353 5353
-1 -1 -1 -1 -1 5353 5353
0x00 17 -1 -1 -1 5353 5353
0x00 17 -1 -1 -1 5353 5353
-1 -1 -1 -1 -1 5353 5353
-1 -1 -1 -1 -1 5353 5353
0x00 17 -1 -1 -1 5353 5353
0x02 6 4297 443 0x0018 -1 -1
0x02 6 443 4297 0x0018 -1 -1
0x02 6 4300 443 0x0018 -1 -1
0x02 6 4297 443 0x0010 -1 -1
0x02 6 443 4300 0x0018 -1 -1
0x02 6 32232 8008 0x0010 -1 -1
0x02 6 8008 32232 0x0010 -1 -1
0x02 6 4300 443 0x0010 -1 -1
0x02 6 27037 4111 0x0018 -1 -1
0x02 6 4111 27037 0x0010 -1 -1
0x02 6 4153 443 0x0018 -1 -1
0x00 6 443 4153 0x0010 -1 -1
0x00 6 443 4153 0x0018 -1 -1
0x02 6 4153 443 0x0010 -1 -1
0x02 6 4183 8009 0x0018 -1 -1
0x02 6 8009 4183 0x0018 -1 -1
0x02 6 4183 8009 0x0010 -1 -1
0x02 6 32274 443 0x0010 -1 -1
0x02 6 32273 443 0x0010 -1 -1
0x02 6 32272 443 0x0010 -1 -1
0x02 6 32276 443 0x0010 -1 -1
0x02 6 443 32274 0x0010 -1 -1
0x02 6 32271 443 0x0010 -1 -1
0x02 6 443 32273 0x0010 -1 -1
0x02 6 443 32272 0x0010 -1 -1
0x02 6 443 32276 0x0010 -1 -1
0x02 6 443 32271 0x0010 -1 -1
0x02 6 32251 443 0x0010 -1 -1
0x02 6 443 32251 0x0010 -1 -1
0x02 6 32308 443 0x0010 -1 -1
0x02 6 443 32308 0x0010 -1 -1
0x00 17 -1 -1 -1 59638 59870
0x00 17 -1 -1 -1 59639 59870
0x02 6 32249 443 0x0018 -1 -1
0x02 6 27037 4111 0x0018 -1 -1
0x02 6 4111 27037 0x0010 -1 -1
0x02 6 443 32249 0x0010 -1 -1
0x02 6 443 32249 0x0018 -1 -1
0x02 6 32249 443 0x0010 -1 -1
0x00 17 -1 -1 -1 61285 6667
0x02 6 32299 443 0x0011 -1 -1
0x02 6 443 32299 0x0011 -1 -1
0x02 6 32299 443 0x0010 -1 -1
0x02 6 4218 8009 0x0018 -1 -1
0x02 6 8009 4218 0x0018 -1 -1
0x02 6 4218 8009 0x0010 -1 -1
0x02 6 27037 4111 0x0018 -1 -1
0x02 6 4111 27037 0x0010 -1 -1
0x02 6 27037 4111 0x0018 -1 -1
0x02 6 4111 27037 0x0010 -1 -1
0x00 17 -1 -1 -1 5353 5353
-1 -1 -1 -1 -1 5353 5353
-1 -1 -1 -1 -1 5353 5353
0x00 17 -1 -1 -1 5353 5353
0x00 17 -1 -1 -1 5353 5353
-1 -1 -1 -1 -1 5353 5353
-1 -1 -1 -1 -1 5353 5353
0x00 17 -1 -1 -1 5353 5353
0x02 17 -1 -1 -1 9999 9999
0x00 17 -1 -1 -1 63804 6667
-1 -1 -1 -1 -1 -1 -1
-1 -1 -1 -1 -1 -1 -1
0x00 17 -1 -1 -1 59640 59870
0x00 17 -1 -1 -1 59641 59870
0x02 6 32249 443 0x0018 -1 -1
0x02 6 443 32249 0x0018 -1 -1
0x00 17 -1 -1 -1 59642 59870
0x00 17 -1 -1 -1 59643 59870
0x02 6 32249 443 0x0018 -1 -1
0x02 6 443 32277 0x0018 -1 -1
0x02 6 32277 443 0x0011 -1 -1
0x02 6 443 32277 0x0011 -1 -1
0x02 6 32277 443 0x0010 -1 -1
0x02 6 443 32277 0x0010 -1 -1
0x02 6 443 32249 0x0018 -1 -1
0x02 6 32249 443 0x0010 -1 -1
0x02 6 4183 8009 0x0018 -1 -1
0x02 6 8009 4183 0x0018 -1 -1
0x02 6 4183 8009 0x0010 -1 -1
0x00 17 -1 -1 -1 61285 6667
0x02 6 4218 8009 0x0018 -1 -1
0x02 6 8009 4218 0x0018 -1 -1
0x02 6 4218 8009 0x0010 -1 -1
0x02 6 27037 4111 0x0018 -1 -1
0x02 6 4111 27037 0x0010 -1 -1
-1 -1 -1 -1 -1 -1 -1
-1 -1 -1 -1 -1 -1 -1
0x00 17 -1 -1 -1 59644 59870
0x00 17 -1 -1 -1 59645 59870
0x02 6 32249 443 0x0018 -1 -1
0x02 6 443 32249 0x0018 -1 -1
0x02 6 32249 443 0x0010 -1 -1
0x00 17 -1 -1 -1 63804 6667
0x02 6 4183 8009 0x0018 -1 -1
0x02 6 8009 4183 0x0018 -1 -1
0x02 6 4183 8009 0x0010 -1 -1
0x02 6 4136 4070 0x0018 -1 -1
0x00 17 -1 -1 -1 5353 5353
-1 -1 -1 -1 -1 5353 5353
-1 -1 -1 -1 -1 5353 5353
0x00 17 -1 -1 -1 5353 5353
-1 -1 -1 -1 -1 5353 5353
-1 -1 -1 -1 -1 5353 5353
0x00 17 -1 -1 -1 5353 5353
0x00 17 -1 -1 -1 5353 5353
0x00 17 -1 -1 -1 5353 5353
-1 -1 -1 -1 -1 5353 5353
0x00 17 -1 -1 -1 5353 5353
-1 -1 -1 -1 -1 5353 5353
-1 -1 -1 -1 -1 5353 5353
-1 -1 -1 -1 -1 5353 5353
0x00 17 -1 -1 -1 5353 5353
0x00 17 -1 -1 -1 5353 5353
0x02 6 4070 4136 0x0018 -1 -1
0x02 6 4136 4070 0x0010 -1 -1
0x00 17 -1 -1 -1 59684 59870
0x00 17 -1 -1 -1 59685 59870
0x02 6 32249 443 0x0018 -1 -1
0x02 6 443 32249 0x0018 -1 -1
0x00 17 -1 -1 -1 59686 59870
0x00 17 -1 -1 -1 59687 59870
0x02 6 32249 443 0x0018 -1 -1
0x02 6 4111 27037 0x0018 -1 -1
0x02 6 443 32249 0x0018 -1 -1
0x02 6 27037 4111 0x0010 -1 -1
0x02 6 32249 443 0x0010 -1 -1
0x00 17 -1 -1 -1 5353 5353
-1 -1 -1 -1 -1 5353 5353
-1 -1 -1 -1 -1 5353 5353
0x00 17 -1 -1 -1 5353 5353
0x00 17 -1 -1 -1 61285 6667
0x00 17 -1 -1 -1 5353 5353
-1 -1 -1 -1 -1 5353 5353
-1 -1 -1 -1 -1 5353 5353
0x00 17 -1 -1 -1 5353 5353
0x02 6 4218 8009 0x0018 -1 -1
0x02 6 8009 4218 0x0018 -1 -1
0x02 6 4218 8009 0x0010 -1 -1
0x02 6 27037 4111 0x0018 -1 -1
0x02 6 4111 27037 0x0010 -1 -1
0x00 17 -1 -1 -1 63804 6667
0x00 17 -1 -1 -1 57621 57621
0x00 17 -1 -1 -1 5353 5353
-1 -1 -1 -1 -1 5353 5353
-1 -1 -1 -1 -1 5353 5353
0x00 17 -1 -1 -1 5353 5353
0x00 17 -1 -1 -1 5353 5353
-1 -1 -1 -1 -1 5353 5353
-1 -1 -1 -1 -1 5353 5353
0x00 17 -1 -1 -1 5353 5353
0x02 6 32293 443 0x0010 -1 -1
0x02 6 32294 443 0x0010 -1 -1
0x02 6 32297 443 0x0010 -1 -1
0x02 6 32296 443 0x0010 -1 -1
0x02 6 32295 443 0x0010 -1 -1
0x02 6 443 32293 0x0010 -1 -1
0x02 6 443 32294 0x0010 -1 -1
0x02 6 443 32296 0x0010 -1 -1
0x02 6 443 32297 0x0010 -1 -1
0x02 6 443 32295 0x0010 -1 -1
0x00 17 -1 -1 -1 59688 59870
0x00 17 -1 -1 -1 59689 59870
0x02 6 32249 443 0x0018 -1 -1
0x02 6 443 32249 0x0010 -1 -1
0x02 6 4183 8009 0x0018 -1 -1
0x02 6 8009 4183 0x0018 -1 -1
0x02 6 4183 8009 0x0010 -1 -1
0x02 6 4183 8009 0x0018 -1 -1
0x02 6 8009 4183 0x0018 -1 -1
0x02 6 8009 4183 0x0010 -1 -1
0x02 6 4183 8009 0x0010 -1 -1
0x02 6 443 32249 0x0018 -1 -1
0x00 17 -1 -1 -1 59691 59871
0x00 17 -1 -1 -1 59693 59871
0x00 17 -1 -1 -1 59694 59871
0x00 17 -1 -1 -1 59695 59871
0x02 6 32249 443 0x0010 -1 -1
-1 -1 -1 -1 -1 -1 -1
0x02 6 4170 443 0x0018 -1 -1
0x00 6 443 4170 0x0010 -1 -1
0x00 17 -1 -1 -1 61285 6667
0x00 6 443 4170 0x0018 -1 -1
0x02 6 4170 443 0x0010 -1 -1
0x02 6 4218 8009 0x0018 -1 -1
0x02 6 8009 4218 0x0018 -1 -1
0x02 6 4218 8009 0x0010 -1 -1
0x02 6 27037 4111 0x0018 -1 -1
0x02 6 4111 27037 0x0010 -1 -1
-1 -1 -1 -1 -1 -1 -1
0x00 17 -1 -1 -1 5353 5353
-1 -1 -1 -1 -1 5353 5353
-1 -1 -1 -1 -1 5353 5353
0x00 17 -1 -1 -1 5353 5353
0x00 17 -1 -1 -1 5353 5353
-1 -1 -1 -1 -1 5353 5353
-1 -1 -1 -1 -1 5353 5353
0x00 17 -1 -1 -1 5353 5353
0x02 17 -1 -1 -1 5353 5353
0x02 17 -1 -1 -1 5353 5353
-1 -1 -1 -1 -1 5353 5353
-1 -1 -1 -1 -1 5353 5353
0x02 17 -1 -1 -1 5353 5353
-1 -1 -1 -1 -1 5353 5353
0x02 17 -1 -1 -1 5353 5353
-1 -1 -1 -1 -1 5353 5353
0x02 17 -1 -1 -1 5353 5353
0x00 17 -1 -1 -1 59696 59870
0x00 17 -1 -1 -1 59698 59870
0x00 17 -1 -1 -1 59700 59871
0x00 17 -1 -1 -1 59701 59871
0x00 17 -1 -1 -1 59702 59871
0x00 17 -1 -1 -1 59703 59871
0x00 17 -1 -1 -1 59704 59870
0x00 17 -1 -1 -1 59705 59870
0x00 17 -1 -1 -1 59708 59871
0x00 17 -1 -1 -1 59709 59871
0x00 17 -1 -1 -1 59710 59871
0x00 17 -1 -1 -1 59711 59871
-1 -1 -1 -1 -1 -1 -1
0x00 17 -1 -1 -1 63804 6667
0x02 6 32280 443 0x0010 -1 -1
0x02 6 443 32280 0x0010 -1 -1
0x02 6 32281 443 0x0010 -1 -1
0x02 6 443 32281 0x0010 -1 -1
-1 -1 -1 -1 -1 -1 -1
0x02 6 32282 443 0x0010 -1 -1
0x02 6 443 32282 0x0010 -1 -1
0x02 6 32279 443 0x0010 -1 -1
0x02 6 443 32279 0x0010 -1 -1
0x02 6 32256 443 0x0010 -1 -1
0x02 6 32255 443 0x0010 -1 -1
0x02 6 32275 443 0x0010 -1 -1
0x02 6 443 32256 0x0010 -1 -1
0x02 6 443 32255 0x0010 -1 -1
0x02 6 443 32275 0x0010 -1 -1
0x02 6 32254 443 0x0010 -1 -1
0x02 6 443 32254 0x0010 -1 -1
0x02 6 4183 8009 0x0018 -1 -1
0x02 6 8009 4183 0x0010 -1 -1
0x02 6 8009 4183 0x0018 -1 -1
0x02 6 4183 8009 0x0010 -1 -1
0x02 6 32278 443 0x0010 -1 -1
0x02 6 32286 443 0x0010 -1 -1
0x02 6 443 32278 0x0010 -1 -1
0x02 6 443 32286 0x0010 -1 -1
-1 -1 -1 -1 -1 -1 -1
0x00 17 -1 -1 -1 59712 59870
0x00 17 -1 -1 -1 59715 59870
0x00 17 -1 -1 -1 59719 59871
0x00 17 -1 -1 -1 59721 59871
0x00 17 -1 -1 -1 59722 59871
0x00 17 -1 -1 -1 59723 59871
-1 -1 -1 -1 -1 -1 -1
0x00 17 -1 -1 -1 61285 6667
0x02 6 4218 8009 0x0018 -1 -1
0x02 6 8009 4218 0x0018 -1 -1
0x02 6 4218 8009 0x0010 -1 -1
0x02 6 27037 4111 0x0018 -1 -1
0x02 6 4111 27037 0x0010 -1 -1
-1 -1 -1 -1 -1 -1 -1
-1 -1 -1 -1 -1 -1 -1
-1 -1 -1 -1 -1 -1 -1
0x00 17 -1 -1 -1 63804 6667
0x02 6 32257 443 0x0010 -1 -1
0x02 6 32252 443 0x0010 -1 -1
0x02 6 32253 443 0x0010 -1 -1
0x02 6 443 32257 0x0010 -1 -1
0x02 6 443 32252 0x0010 -1 -1
0x02 6 443 32253 0x0010 -1 -1
0x00 17 -1 -1 -1 59724 59870
0x00 17 -1 -1 -1 59725 59870
0x00 17 -1 -1 -1 59727 59871
0x00 17 -1 -1 -1 59729 59871
0x00 17 -1 -1 -1 59730 59871
0x00 17 -1 -1 -1 59731 59871
0x00 17 -1 -1 -1 59732 59870
0x00 17 -1 -1 -1 59733 59870
0x00 17 -1 -1 -1 59736 59871
0x00 17 -1 -1 -1 59737 59871
0x00 17 -1 -1 -1 59738 59871
0x00 17 -1 -1 -1 59739 59871
0x02 6 4183 8009 0x0018 -1 -1
0x02 6 8009 4183 0x0018 -1 -1
0x02 6 4183 8009 0x0010 -1 -1
0x00 17 -1 -1 -1 5353 5353
-1 -1 -1 -1 -1 5353 5353
-1 -1 -1 -1 -1 5353 5353
0x00 17 -1 -1 -1 5353 5353
-1 -1 -1 -1 -1 5353 5353
-1 -1 -1 -1 -1 5353 5353
0x00 17 -1 -1 -1 5353 5353
0x00 17 -1 -1 -1 5353 5353
0x00 17 -1 -1 -1 5353 5353
-1 -1 -1 -1 -1 5353 5353
-1 -1 -1 -1 -1 5353 5353
0x00 17 -1 -1 -1 5353 5353
0x00 17 -1 -1 -1 5353 5353
-1 -1 -1 -1 -1 5353 5353
-1 -1 -1 -1 -1 5353 5353
0x00 17 -1 -1 -1 5353 5353
0x00 17 -1 -1 -1 5353 5353
-1 -1 -1 -1 -1 5353 5353
-1 -1 -1 -1 -1 5353 5353
0x00 17 -1 -1 -1 5353 5353
0x00 17 -1 -1 -1 61285 6667
0x00 17 -1 -1 -1 5353 5353
-1 -1 -1 -1 -1 5353 5353
-1 -1 -1 -1 -1 5353 5353
0x00 17 -1 -1 -1 5353 5353
0x02 6 4218 8009 0x0018 -1 -1
0x02 6 8009 4218 0x0018 -1 -1
0x02 6 4218 8009 0x0010 -1 -1
0x00 17 -1 -1 -1 59740 59870
0x00 17 -1 -1 -1 59741 59870
0x02 6 32249 443 0x0018 -1 -1
0x02 6 443 32249 0x0010 -1 -1
0x02 6 443 32249 0x0018 -1 -1
0x02 6 32249 443 0x0010 -1 -1
0x00 17 -1 -1 -1 5353 5353
-1 -1 -1 -1 -1 5353 5353
0x02 17 -1 -1 -1 5353 5353
-1 -1 -1 -1 -1 5353 5353
0x02 6 4547 443 0x0018 -1 -1
0x02 6 443 4547 0x0010 -1 -1
0x00 17 -1 -1 -1 63804 6667
0x00 17 -1 -1 -1 5353 5353
-1 -1 -1 -1 -1 5353 5353
-1 -1 -1 -1 -1 5353 5353
0x00 17 -1 -1 -1 5353 5353
0x00 17 -1 -1 -1 5353 5353
-1 -1 -1 -1 -1 5353 5353
-1 -1 -1 -1 -1 5353 5353
0x00 17 -1 -1 -1 5353 5353
0x02 6 443 4547 0x0018 -1 -1
0x02 6 4547 443 0x0010 -1 -1
-1 -1 -1 -1 -1 -1 -1
-1 -1 -1 -1 -1 -1 -1
0x02 17 -1 -1 -1 5353 5353
0x02 6 4183 8009 0x0018 -1 -1
0x02 6 8009 4183 0x0018 -1 -1
0x02 6 4183 8009 0x0010 -1 -1
0x00 17 -1 -1 -1 59742 59870
0x00 17 -1 -1 -1 59743 59870
0x02 6 32249 443 0x0018 -1 -1
0x02 6 4153 443 0x0018 -1 -1
0x00 6 443 4153 0x0010 -1 -1
0x02 6 443 32249 0x0018 -1 -1
0x00 17 -1 -1 -1 59744 59870
0x00 17 -1 -1 -1 59745 59870
0x02 6 32249 443 0x0018 -1 -1
0x00 6 443 4153 0x0018 -1 -1
0x02 6 4153 443 0x0010 -1 -1
0x02 6 443 32249 0x0018 -1 -1
0x02 6 32249 443 0x0010 -1 -1
0x02 6 32270 443 0x0010 -1 -1
0x02 6 443 32270 0x0010 -1 -1
0x02 6 32265 443 0x0010 -1 -1
0x02 6 32263 443 0x0010 -1 -1
0x02 6 32266 443 0x0010 -1 -1
0x02 6 32264 443 0x0010 -1 -1
0x02 6 32268 443 0x0010 -1 -1
0x02 6 443 32263 0x0010 -1 -1
0x02 6 443 32266 0x0010 -1 -1
0x02 6 443 32265 0x0010 -1 -1
0x02 6 443 32264 0x0010 -1 -1
0x02 6 443 32268 0x0010 -1 -1
0x02 6 32267 443 0x0010 -1 -1
0x02 6 443 32267 0x0010 -1 -1
0x02 6 32285 443 0x0010 -1 -1
0x00 6 443 32285 0x0010 -1 -1
0x00 17 -1 -1 -1 61285 6667
0x02 6 4218 8009 0x0018 -1 -1
0x02 6 8009 4218 0x0018 -1 -1
0x02 6 4218 8009 0x0010 -1 -1
0x00 17 -1 -1 -1 5353 5353
-1 -1 -1 -1 -1 5353 5353
-1 -1 -1 -1 -1 5353 5353
0x00 17 -1 -1 -1 5353 5353
0x00 17 -1 -1 -1 5353 5353
-1 -1 -1 -1 -1 5353 5353
-1 -1 -1 -1 -1 5353 5353
0x00 17 -1 -1 -1 5353 5353
0x00 17 -1 -1 -1 63804 6667
0x00 17 -1 -1 -1 59746 59870
0x00 17 -1 -1 -1 59747 59870
0x02 6 32249 443 0x0018 -1 -1
0x02 6 443 32249 0x0010 -1 -1
0x02 6 443 32249 0x0018 -1 -1
0x00 17 -1 -1 -1 59749 59871
0x00 17 -1 -1 -1 59751 59871
0x00 17 -1 -1 -1 59752 59871
0x00 17 -1 -1 -1 59753 59871
0x02 6 32249 443 0x0010 -1 -1
0x02 6 4183 8009 0x0018 -1 -1
0x02 6 8009 4183 0x0018 -1 -1
0x02 6 4183 8009 0x0010 -1 -1
0x02 6 32199 443 0x0018 -1 -1
0x02 6 32199 443 0x0011 -1 -1
0x00 17 -1 -1 -1 53874 53
0x00 17 -1 -1 -1 55362 53
0x00 17 -1 -1 -1 53 53874
0x02 6 443 32199 0x0004 -1 -1
0x00 17 -1 -1 -1 53 55362
0x02 6 32315 443 0x0002 -1 -1
0x02 6 443 32315 0x0012 -1 -1
0x02 6 32315 443 0x0010 -1 -1
0x02 6 32315 443 0x0018 -1 -1
0x02 6 443 32315 0x0010 -1 -1
0x02 6 443 32315 0x0010 -1 -1
0x02 6 443 32315 0x0018 -1 -1
0x02 6 32315 443 0x0010 -1 -1
0x02 6 443 32315 0x0018 -1 -1
0x02 6 32315 443 0x0018 -1 -1
0x02 6 32315 443 0x0018 -1 -1
0x02 6 32315 443 0x0018 -1 -1
0x02 6 32315 443 0x0018 -1 -1
0x02 6 32315 443 0x0018 -1 -1
0x02 6 32315 443 0x0018 -1 -1
0x02 6 32315 443 0x0018 -1 -1
0x02 6 32315 443 0x0018 -1 -1
0x02 6 443 32315 0x0010 -1 -1
0x02 6 443 32315 0x0010 -1 -1
0x02 6 443 32315 0x0010 -1 -1
0x02 6 443 32315 0x0018 -1 -1
0x02 6 443 32315 0x0018 -1 -1
0x02 6 32315 443 0x0010 -1 -1
0x02 6 32315 443 0x0018 -1 -1
0x02 6 443 32315 0x0018 -1 -1
0x02 6 32315 443 0x0010 -1 -1
0x02 6 443 32315 0x0010 -1 -1
0x00 17 -1 -1 -1 61285 6667
0x02 6 32289 443 0x0011 -1 -1
0x02 6 443 32315 0x0010 -1 -1
0x02 6 443 32315 0x0018 -1 -1
0x02 6 32315 443 0x0010 -1 -1
0x02 6 32315 443 0x0018 -1 -1
0x02 6 32315 443 0x0018 -1 -1
0x02 6 32315 443 0x0018 -1 -1
0x02 6 443 32315 0x0010 -1 -1
0x02 6 443 32315 0x0018 -1 -1
0x02 6 443 32315 0x0010 -1 -1
0x02 6 443 32315 0x0010 -1 -1
0x02 6 32315 443 0x0010 -1 -1
0x02 6 443 32315 0x0018 -1 -1
0x02 6 32315 443 0x0010 -1 -1
0x02 6 443 32289 0x0011 -1 -1
0x02 6 32289 443 0x0010 -1 -1
0x02 6 4218 8009 0x0018 -1 -1
0x02 6 8009 4218 0x0018 -1 -1
0x02 6 4218 8009 0x0010 -1 -1
0x02 6 443 32315 0x0010 -1 -1
0x00 17 -1 -1 -1 5353 5353
-1 -1 -1 -1 -1 5353 5353
-1 -1 -1 -1 -1 5353 5353
0x00 17 -1 -1 -1 5353 5353
0x02 6 32413 443 0x0010 -1 -1
0x00 17 -1 -1 -1 5353 5353
-1 -1 -1 -1 -1 5353 5353
-1 -1 -1 -1 -1 5353 5353
0x00 17 -1 -1 -1 5353 5353
0x00 17 -1 -1 -1 33757 80
0x02 6 443 32413 0x0010 -1 -1
0x00 17 -1 -1 -1 63804 6667
-1 -1 -1 -1 -1 -1 -1
0x00 17 -1 -1 -1 33759 80
0x00 1 -1 -1 -1 -1 -1
0x02 6 4218 8009 0x0018 -1 -1
0x02 6 8009 4218 0x0018 -1 -1
0x02 6 4218 8009 0x0010 -1 -1
0x00 17 -1 -1 -1 33751 40805
0x00 17 -1 -1 -1 33753 40805
0x00 6 60094 4899 0x0002 -1 -1
0x00 6 60094 18101 0x0002 -1 -1
0x00 6 60094 9050 0x0002 -1 -1
0x00 6 60094 57294 0x0002 -1 -1
0x02 6 4899 60094 0x0014 -1 -1
0x02 6 18101 60094 0x0014 -1 -1
0x00 6 60094 5985 0x0002 -1 -1
0x00 6 60096 783 0x0002 -1 -1
0x00 6 60096 5100 0x0002 -1 -1
0x00 6 60096 1078 0x0002 -1 -1
0x02 6 57294 60094 0x0014 -1 -1
0x02 6 9050 60094 0x0014 -1 -1
0x00 6 60096 524 0x0002 -1 -1
0x00 6 60096 5225 0x0002 -1 -1
0x00 6 60096 2383 0x0002 -1 -1
0x00 6 60096 1053 0x0002 -1 -1
0x00 6 60096 1455 0x0002 -1 -1
0x00 6 60096 8500 0x0002 -1 -1
0x00 6 60096 3333 0x0002 -1 -1
0x02 6 5985 60094 0x0014 -1 -1
0x00 6 60096 1126 0x0002 -1 -1
0x00 6 60096 5902 0x0002 -1 -1
0x00 6 60096 992 0x0002 -1 -1
0x00 6 60096 1524 0x0002 -1 -1
0x00 6 60096 2968 0x0002 -1 -1
0x00 6 60096 512 0x0002 -1 -1
0x00 6 60096 5910 0x0002 -1 -1
0x00 6 60096 8290 0x0002 -1 -1
0x00 6 60096 1037 0x0002 -1 -1
0x02 6 783 60096 0x0014 -1 -1
0x00 6 60096 1121 0x0002 -1 -1
0x00 6 60096 2048 0x0002 -1 -1
0x00 6 60096 10002 0x0002 -1 -1
0x00 6 60096 9 0x0002 -1 -1
0x02 6 5100 60096 0x0014 -1 -1
0x02 6 1078 60096 0x0014 -1 -1
0x02 6 8500 60096 0x0014 -1 -1
0x00 6 60096 2492 0x0002 -1 -1
0x02 6 524 60096 0x0014 -1 -1
0x02 6 5225 60096 0x0014 -1 -1
0x02 6 5902 60096 0x0014 -1 -1
0x00 6 60096 62078 0x0002 -1 -1
0x00 6 60096 3261 0x0002 -1 -1
0x00 6 60096 9575 0x0002 -1 -1
0x00 6 60096 14000 0x0002 -1 -1
0x00 6 60096 3372 0x0002 -1 -1
0x00 6 60096 2049 0x0002 -1 -1
0x00 6 60096 5815 0x0002 -1 -1
0x00 6 60096 4449 0x0002 -1 -1
0x02 6 1053 60096 0x0014 -1 -1
0x02 6 2383 60096 0x0014 -1 -1
0x02 6 2968 60096 0x0014 -1 -1
0x00 6 60096 25734 0x0002 -1 -1
0x02 6 8290 60096 0x0014 -1 -1
0x02 6 3333 60096 0x0014 -1 -1
0x02 6 2048 60096 0x0014 -1 -1
0x02 6 1037 60096 0x0014 -1 -1
0x02 6 1126 60096 0x0014 -1 -1
0x02 6 10002 60096 0x0014 -1 -1
0x02 6 62078 60096 0x0014 -1 -1
0x02 6 1455 60096 0x0014 -1 -1
0x02 6 1524 60096 0x0014 -1 -1
0x02 6 14000 60096 0x0014 -1 -1
0x02 6 992 60096 0x0014 -1 -1
0x02 6 512 60096 0x0014 -1 -1
0x02 6 25734 60096 0x0014 -1 -1
0x02 6 443 32355 0x0014 -1 -1
0x00 6 60092 5850 0x0002 -1 -1
0x00 6 60092 683 0x0002 -1 -1
0x00 6 60092 5998 0x0002 -1 -1
0x02 6 5998 60092 0x0014 -1 -1
0x00 6 60092 27000 0x0002 -1 -1
0x00 6 60092 2557 0x0002 -1 -1
0x00 17 -1 -1 -1 33755 40805
0x00 6 60092 10215 0x0002 -1 -1
0x00 6 60092 1032 0x0002 -1 -1
0x00 6 60092 3971 0x0002 -1 -1
0x00 6 60092 722 0x0002 -1 -1
0x02 6 722 60092 0x0014 -1 -1
0x00 6 60092 2323 0x0002 -1 -1
0x00 6 60092 912 0x0002 -1 -1
0x00 6 60092 1999 0x0002 -1 -1
0x00 6 60092 49153 0x0002 -1 -1
0x00 6 60092 5102 0x0002 -1 -1
0x00 17 -1 -1 -1 33757 40805
0x00 17 -1 -1 -1 60047 59870
0x00 17 -1 -1 -1 60048 59870
0x02 6 32339 443 0x0018 -1 -1
0x02 6 3001 33495 0x0012 -1 -1
-1 -1 -1 -1 -1 -1 -1
0x02 6 443 32359 0x0014 -1 -1
0x02 6 443 32339 0x0018 -1 -1
0x00 17 -1 -1 -1 60049 59870
0x00 17 -1 -1 -1 60050 59870
0x02 6 32339 443 0x0018 -1 -1
0x00 17 -1 -1 -1 33759 40805
0x00 1 -1 -1 -1 -1 -1
0x02 6 443 32339 0x0018 -1 -1
0x02 6 32432 443 0x0002 -1 -1
0x00 17 -1 -1 -1 33751 49262
0x02 6 4183 8009 0x0018 -1 -1
0x02 6 32339 443 0x0010 -1 -1
0x02 6 8009 4183 0x0018 -1 -1
0x02 6 4183 8009 0x0010 -1 -1
0x02 6 443 32432 0x0012 -1 -1
0x02 6 32432 443 0x0010 -1 -1
0x02 6 32432 443 0x0018 -1 -1
0x02 6 53 60092 0x0012 -1 -1
0x00 17 -1 -1 -1 33753 49262
0x02 6 443 32432 0x0018 -1 -1
0x02 6 32432 443 0x0010 -1 -1
0x02 6 32432 443 0x0018 -1 -1
0x00 17 -1 -1 -1 33755 49262
0x02 6 443 32432 0x0010 -1 -1
0x02 6 32432 443 0x0010 -1 -1
0x02 6 443 32432 0x0010 -1 -1
0x02 6 32432 443 0x0010 -1 -1
0x02 6 443 32432 0x0010 -1 -1
0x02 6 32432 443 0x0010 -1 -1
0x02 6 443 32432 0x0010 -1 -1
0x02 6 32432 443 0x0010 -1 -1
0x02 6 443 32432 0x0018 -1 -1
0x02 6 32432 443 0x0010 -1 -1
0x02 6 32432 443 0x0018 -1 -1
0x02 6 32432 443 0x0018 -1 -1
0x02 6 32432 443 0x0010 -1 -1
0x02 6 32432 443 0x0010 -1 -1
0x02 6 32432 443 0x0010 -1 -1
0x02 6 32432 443 0x0018 -1 -1
0x00 6 60094 5102 0x0002 -1 -1
0x02 6 5102 60094 0x0014 -1 -1
0x00 6 60094 49153 0x0002 -1 -1
0x02 6 49153 60094 0x0014 -1 -1
0x00 6 60094 1999 0x0002 -1 -1
0x02 6 1999 60094 0x0014 -1 -1
0x00 6 60094 912 0x0002 -1 -1
0x02 6 912 60094 0x0014 -1 -1
0x00 6 60094 2323 0x0002 -1 -1
0x02 6 2323 60094 0x0014 -1 -1
0x00 6 60094 3971 0x0002 -1 -1
0x02 6 3971 60094 0x0014 -1 -1
0x00 6 60094 1032 0x0002 -1 -1
0x02 6 1032 60094 0x0014 -1 -1
0x00 6 60094 10215 0x0002 -1 -1
0x02 6 10215 60094 0x0014 -1 -1
0x00 6 60094 2557 0x0002 -1 -1
0x02 6 2557 60094 0x0014 -1 -1
0x00 6 60094 27000 0x0002 -1 -1
0x02 6 27000 60094 0x0014 -1 -1
0x00 6 60094 683 0x0002 -1 -1
0x02 6 683 60094 0x0014 -1 -1
0x00 6 60094 5850 0x0002 -1 -1
0x02 6 5850 60094 0x0014 -1 -1
0x00 6 60098 4449 0x0002 -1 -1
0x02 6 4449 60098 0x0014 -1 -1
0x00 6 60098 5815 0x0002 -1 -1
0x02 6 5815 60098 0x0014 -1 -1
0x00 6 60098 2049 0x0002 -1 -1
0x02 6 2049 60098 0x0014 -1 -1
0x00 6 60098 3372 0x0002 -1 -1
0x02 6 3372 60098 0x0014 -1 -1
0x02 6 443 32432 0x0010 -1 -1
0x02 6 443 32432 0x0010 -1 -1
0x02 6 443 32432 0x0010 -1 -1
0x00 6 60098 9575 0x0002 -1 -1
0x02 6 9575 60098 0x0014 -1 -1
0x00 6 60098 3261 0x0002 -1 -1
0x02 6 3261 60098 0x0014 -1 -1
0x00 6 60098 2492 0x0002 -1 -1
0x02 6 2492 60098 0x0014 -1 -1
0x00 17 -1 -1 -1 33757 49262
0x00 6 60098 9 0x0002 -1 -1
0x02 6 9 60098 0x0014 -1 -1
0x02 6 443 32432 0x0018 -1 -1
0x02 6 32432 443 0x0010 -1 -1
0x00 6 60098 1121 0x0002 -1 -1
0x02 6 1121 60098 0x0014 -1 -1
0x00 6 60098 5910 0x0002 -1 -1
0x02 6 5910 60098 0x0014 -1 -1
0x00 6 60092 3168 0x0002 -1 -1
0x02 6 3168 60092 0x0014 -1 -1
0x00 6 60092 10629 0x0002 -1 -1
0x02 6 10629 60092 0x0014 -1 -1
0x02 6 443 32432 0x0018 -1 -1
0x02 6 32432 443 0x0010 -1 -1
0x00 6 60092 6002 0x0002 -1 -1
0x02 6 6002 60092 0x0014 -1 -1
0x00 6 60092 3017 0x0002 -1 -1
0x02 6 3017 60092 0x0014 -1 -1
0x00 6 60092 54045 0x0002 -1 -1
0x02 6 54045 60092 0x0014 -1 -1
0x00 6 60092 6646 0x0002 -1 -1
0x02 6 6646 60092 0x0014 -1 -1
0x00 6 60092 1048 0x0002 -1 -1
0x02 6 1048 60092 0x0014 -1 -1
0x00 6 60092 5962 0x0002 -1 -1
0x02 6 5962 60092 0x0014 -1 -1
0x00 6 60092 2525 0x0002 -1 -1
0x02 6 2525 60092 0x0014 -1 -1
0x00 6 60092 366 0x0002 -1 -1
0x02 6 366 60092 0x0014 -1 -1
0x00 6 60092 8086 0x0002 -1 -1
0x02 6 8086 60092 0x0014 -1 -1
0x00 6 60092 987 0x0002 -1 -1
0x02 6 987 60092 0x0014 -1 -1
0x00 6 60092 458 0x0002 -1 -1
0x00 6 60092 1322 0x0002 -1 -1
0x00 17 -1 -1 -1 33759 49262
0x00 1 -1 -1 -1 -1 -1
0x00 6 60092 99 0x0002 -1 -1
0x02 6 99 60092 0x0014 -1 -1
0x00 6 60092 9944 0x0002 -1 -1
0x00 6 60092 8007 0x0002 -1 -1
0x00 6 60092 1079 0x0002 -1 -1
0x00 6 60092 1045 0x0002 -1 -1
0x02 6 1045 60092 0x0014 -1 -1
0x00 6 60092 44443 0x0002 -1 -1
0x02 6 32387 443 0x0018 -1 -1
0x02 6 443 32356 0x0014 -1 -1
0x00 6 60092 9878 0x0002 -1 -1
0x00 6 60094 458 0x0002 -1 -1
0x02 6 458 60094 0x0014 -1 -1
0x00 6 60094 1079 0x0002 -1 -1
0x02 6 1079 60094 0x0014 -1 -1
0x00 6 60094 44443 0x0002 -1 -1
0x02 6 44443 60094 0x0014 -1 -1
0x00 6 60094 9878 0x0002 -1 -1
0x00 6 60094 8007 0x0002 -1 -1
0x00 17 -1 -1 -1 33751 59765
0x02 6 443 32387 0x0018 -1 -1
0x02 6 32387 443 0x0010 -1 -1
0x00 6 60096 9878 0x0002 -1 -1
0x02 6 9878 60096 0x0014 -1 -1
0x00 6 60096 8007 0x0002 -1 -1
0x02 6 8007 60096 0x0014 -1 -1
0x00 6 60094 9944 0x0002 -1 -1
0x02 6 9944 60094 0x0014 -1 -1
0x00 6 60094 1322 0x0002 -1 -1
0x00 6 60092 10025 0x0002 -1 -1
0x02 6 10025 60092 0x0014 -1 -1
0x00 6 60092 32771 0x0002 -1 -1
0x00 6 60092 1124 0x0002 -1 -1
0x00 6 60092 9099 0x0002 -1 -1
0x02 6 9099 60092 0x0014 -1 -1
0x00 6 60092 1719 0x0002 -1 -1
0x00 6 60092 3809 0x0002 -1 -1
0x00 17 -1 -1 -1 33753 59765
0x00 6 60096 1322 0x0002 -1 -1
0x02 6 1322 60096 0x0014 -1 -1
0x00 6 60094 1124 0x0002 -1 -1
0x02 6 1124 60094 0x0014 -1 -1
0x00 6 60094 1719 0x0002 -1 -1
0x00 6 60094 3809 0x0002 -1 -1
0x02 6 3809 60094 0x0014 -1 -1
0x00 6 60094 32771 0x0002 -1 -1
0x00 6 60096 1719 0x0002 -1 -1
0x02 6 1719 60096 0x0014 -1 -1
0x00 6 60092 2001 0x0002 -1 -1
0x02 6 2001 60092 0x0014 -1 -1
0x00 17 -1 -1 -1 33755 59765
0x00 6 60096 32771 0x0002 -1 -1
0x00 6 60092 9009 0x0002 -1 -1
0x02 6 9009 60092 0x0014 -1 -1
0x00 6 60092 1057 0x0002 -1 -1
0x00 6 60092 1198 0x0002 -1 -1
0x00 6 60092 5987 0x0002 -1 -1
0x02 6 5987 60092 0x0014 -1 -1
0x02 6 443 4297 0x0018 -1 -1
0x00 6 60092 3871 0x0002 -1 -1
0x00 6 60092 3851 0x0002 -1 -1
0x00 6 60092 6005 0x0002 -1 -1
0x02 6 6005 60092 0x0014 -1 -1
0x02 6 4297 443 0x0010 -1 -1
0x00 6 60092 9999 0x0002 -1 -1
0x02 6 4547 443 0x0018 -1 -1
0x00 6 60098 32771 0x0002 -1 -1
0x02 6 443 4547 0x0010 -1 -1
0x00 6 60094 1057 0x0002 -1 -1
0x02 6 1057 60094 0x0014 -1 -1
0x00 6 60094 3851 0x0002 -1 -1
0x02 6 3851 60094 0x0014 -1 -1
0x00 6 60094 9999 0x0002 -1 -1
0x00 17 -1 -1 -1 33757 59765
0x00 17 -1 -1 -1 61285 6667
0x02 6 443 4547 0x0018 -1 -1
0x02 6 4547 443 0x0010 -1 -1
0x00 17 -1 -1 -1 33759 59765
0x00 1 -1 -1 -1 -1 -1
0x00 17 -1 -1 -1 33751 23176
-1 -1 -1 -1 -1 -1 -1
-1 -1 -1 -1 -1 -1 -1
0x00 17 -1 -1 -1 33753 23176
0x00 17 -1 -1 -1 33755 23176
0x00 17 -1 -1 -1 5353 5353
-1 -1 -1 -1 -1 5353 5353
-1 -1 -1 -1 -1 5353 5353
0x00 17 -1 -1 -1 5353 5353
0x02 6 443 32357 0x0014 -1 -1
0x00 17 -1 -1 -1 5353 5353
-1 -1 -1 -1 -1 5353 5353
-1 -1 -1 -1 -1 5353 5353
0x00 17 -1 -1 -1 5353 5353
0x00 17 -1 -1 -1 33757 23176
0x00 6 60096 9999 0x0002 -1 -1
0x02 6 9999 60096 0x0014 -1 -1
0x00 6 60100 32771 0x0002 -1 -1
0x02 6 32771 60100 0x0014 -1 -1
0x00 6 60094 3871 0x0002 -1 -1
0x02 6 3871 60094 0x0014 -1 -1
0x00 6 60094 1198 0x0002 -1 -1
0x02 6 1198 60094 0x0014 -1 -1
0x00 6 60092 1075 0x0002 -1 -1
0x02 6 1075 60092 0x0014 -1 -1
0x00 6 60092 50800 0x0002 -1 -1
0x02 6 50800 60092 0x0014 -1 -1
0x00 6 60092 1056 0x0002 -1 -1
0x02 6 1056 60092 0x0014 -1 -1
0x00 6 60092 8088 0x0002 -1 -1
0x02 6 8088 60092 0x0014 -1 -1
0x00 6 60092 5222 0x0002 -1 -1
0x02 6 5222 60092 0x0014 -1 -1
0x00 6 60092 311 0x0002 -1 -1
0x02 6 311 60092 0x0014 -1 -1
0x00 6 60092 50002 0x0002 -1 -1
0x02 6 50002 60092 0x0014 -1 -1
0x00 6 60092 3323 0x0002 -1 -1
0x02 6 3323 60092 0x0014 -1 -1
0x00 6 60092 1174 0x0002 -1 -1
0x02 6 1174 60092 0x0014 -1 -1
0x00 6 60092 541 0x0002 -1 -1
0x02 6 541 60092 0x0014 -1 -1
0x00 6 60092 1164 0x0002 -1 -1
0x02 6 1164 60092 0x0014 -1 -1
0x00 6 60092 109 0x0002 -1 -1
0x02 6 109 60092 0x0014 -1 -1
0x00 6 60092 17 0x0002 -1 -1
0x02 6 17 60092 0x0014 -1 -1
0x00 17 -1 -1 -1 33759 23176
0x00 1 -1 -1 -1 -1 -1
0x00 6 60092 30718 0x0002 -1 -1
0x02 6 30718 60092 0x0014 -1 -1
0x00 6 60092 1043 0x0002 -1 -1
0x02 6 1043 60092 0x0014 -1 -1
0x00 6 60092 3005 0x0002 -1 -1
0x02 6 3005 60092 0x0014 -1 -1
0x00 6 60092 32783 0x0002 -1 -1
0x02 6 32783 60092 0x0014 -1 -1
0x00 6 60092 2144 0x0002 -1 -1
0x02 6 2144 60092 0x0014 -1 -1
-1 -1 -1 -1 -1 -1 -1
0x00 6 60092 1065 0x0002 -1 -1
0x02 6 1065 60092 0x0014 -1 -1
0x02 2 -1 -1 -1 -1 -1
0x02 17 -1 -1 -1 5353 5353
0x00 6 60092 6566 0x0002 -1 -1
0x02 6 6566 60092 0x0014 -1 -1
0x00 6 60092 888 0x0002 -1 -1
0x02 6 888 60092 0x0014 -1 -1
0x00 6 60092 301 0x0002 -1 -1
0x02 6 301 60092 0x0014 -1 -1
0x00 6 60092 1352 0x0002 -1 -1
0x02 6 1352 60092 0x0014 -1 -1
0x00 6 60092 1085 0x0002 -1 -1
0x02 6 1085 60092 0x0014 -1 -1
0x00 6 60092 9485 0x0002 -1 -1
0x02 6 9485 60092 0x0014 -1 -1
0x00 6 60092 27715 0x0002 -1 -1
0x02 6 27715 60092 0x0014 -1 -1
0x00 17 -1 -1 -1 60051 59870
0x00 17 -1 -1 -1 60052 59870
0x02 6 32339 443 0x0018 -1 -1
0x00 6 60092 3000 0x0002 -1 -1
0x02 6 3000 60092 0x0014 -1 -1
0x00 6 60092 50300 0x0002 -1 -1
0x02 6 50300 60092 0x0014 -1 -1
0x00 6 60092 464 0x0002 -1 -1
0x02 6 464 60092 0x0014 -1 -1
0x00 6 60092 28201 0x0002 -1 -1
0x02 6 28201 60092 0x0014 -1 -1
0x00 17 -1 -1 -1 33751 1701
0x00 6 60092 1086 0x0002 -1 -1
0x02 6 1086 60092 0x0014 -1 -1
0x00 6 60092 24 0x0002 -1 -1
0x02 6 24 60092 0x0014 -1 -1
0x00 6 60092 6346 0x0002 -1 -1
0x00 6 60092 500 0x0002 -1 -1
0x02 6 500 60092 0x0014 -1 -1
0x00 6 60092 2121 0x0002 -1 -1
0x00 6 60092 2005 0x0002 -1 -1
0x00 6 60092 1782 0x0002 -1 -1
0x02 6 1782 60092 0x0014 -1 -1
0x00 6 60092 687 0x0002 -1 -1
0x00 6 60092 52673 0x0002 -1 -1
0x00 6 60092 1049 0x0002 -1 -1
0x02 6 1049 60092 0x0014 -1 -1
0x00 6 60092 13722 0x0002 -1 -1
0x02 6 443 32339 0x0018 -1 -1
0x00 6 60094 6346 0x0002 -1 -1
0x00 6 60092 7025 0x0002 -1 -1
0x00 6 60094 2121 0x0002 -1 -1
0x02 6 2121 60094 0x0014 -1 -1
0x02 6 32339 443 0x0010 -1 -1
0x00 17 -1 -1 -1 33753 1701
0x00 6 60094 13722 0x0002 -1 -1
0x02 6 13722 60094 0x0014 -1 -1
0x00 6 60096 6346 0x0002 -1 -1
0x02 6 6346 60096 0x0014 -1 -1
0x00 6 60094 7025 0x0002 -1 -1
0x00 6 60094 52673 0x0002 -1 -1
0x00 6 60096 7025 0x0002 -1 -1
0x02 6 7025 60096 0x0014 -1 -1
0x00 6 60096 52673 0x0002 -1 -1
0x02 6 52673 60096 0x0014 -1 -1
0x00 6 60094 687 0x0002 -1 -1
0x02 6 687 60094 0x0014 -1 -1
0x00 6 60094 2005 0x0002 -1 -1
0x00 6 60092 4224 0x0002 -1 -1
0x02 6 4224 60092 0x0014 -1 -1
0x00 17 -1 -1 -1 33755 1701
0x00 6 60092 898 0x0002 -1 -1
0x00 6 60092 1494 0x0002 -1 -1
0x00 6 60092 1417 0x0002 -1 -1
0x02 6 1417 60092 0x0014 -1 -1
0x00 6 60092 1022 0x0002 -1 -1
0x00 6 60092 5431 0x0002 -1 -1
0x02 6 443 32358 0x0014 -1 -1
0x00 6 60096 2005 0x0002 -1 -1
0x02 6 2005 60096 0x0014 -1 -1
0x00 6 60094 1494 0x0002 -1 -1
0x02 6 1494 60094 0x0014 -1 -1
0x00 6 60094 1022 0x0002 -1 -1
0x02 6 1022 60094 0x0014 -1 -1
0x00 6 60094 5431 0x0002 -1 -1
0x00 6 60094 898 0x0002 -1 -1
0x00 17 -1 -1 -1 33757 1701
0x00 17 -1 -1 -1 63804 6667
0x00 6 60096 5431 0x0002 -1 -1
0x02 6 5431 60096 0x0014 -1 -1
0x00 6 60096 898 0x0002 -1 -1
0x02 6 898 60096 0x0014 -1 -1
0x02 2 -1 -1 -1 -1 -1
0x00 6 60092 1113 0x0002 -1 -1
0x02 6 1113 60092 0x0014 -1 -1
0x00 6 60092 3128 0x0002 -1 -1
0x00 6 60092 407 0x0002 -1 -1
0x02 6 407 60092 0x0014 -1 -1
0x00 6 60092 1641 0x0002 -1 -1
0x00 6 60092 5801 0x0002 -1 -1
0x00 6 60092 10004 0x0002 -1 -1
0x00 6 60092 6666 0x0002 -1 -1
0x02 6 6666 60092 0x0014 -1 -1
0x00 6 60092 2382 0x0002 -1 -1
0x00 6 60094 3128 0x0002 -1 -1
0x02 6 3128 60094 0x0014 -1 -1
0x00 17 -1 -1 -1 33759 1701
0x00 1 -1 -1 -1 -1 -1
0x02 6 4218 8009 0x0018 -1 -1
0x00 6 60094 5801 0x0002 -1 -1
0x02 6 5801 60094 0x0014 -1 -1
0x02 6 8009 4218 0x0018 -1 -1
0x00 6 60094 10004 0x0002 -1 -1
0x00 6 60094 2382 0x0002 -1 -1
0x02 6 2382 60094 0x0014 -1 -1
0x02 17 -1 -1 -1 5353 5353
0x02 6 4218 8009 0x0010 -1 -1
0x00 6 60094 1641 0x0002 -1 -1
0x02 17 -1 -1 -1 5353 5353
0x02 17 -1 -1 -1 5353 5353
0x02 17 -1 -1 -1 5353 5353
0x00 6 60096 10004 0x0002 -1 -1
0x02 6 10004 60096 0x0014 -1 -1
0x00 6 60092 3324 0x0002 -1 -1
0x02 6 3324 60092 0x0014 -1 -1
0x00 6 60092 8649 0x0002 -1 -1
0x00 6 60096 1641 0x0002 -1 -1
0x02 6 1641 60096 0x0014 -1 -1
0x00 6 60092 1152 0x0002 -1 -1
0x00 17 -1 -1 -1 33751 5555
0x00 6 60094 8649 0x0002 -1 -1
0x02 6 8649 60094 0x0014 -1 -1
0x00 6 60092 20000 0x0002 -1 -1
0x02 6 20000 60092 0x0014 -1 -1
0x00 6 60094 1152 0x0002 -1 -1
0x02 6 53 60092 0x0012 -1 -1
0x00 6 60092 16992 0x0002 -1 -1
0x02 6 16992 60092 0x0014 -1 -1
0x00 6 60092 801 0x0002 -1 -1
0x00 6 60092 2105 0x0002 -1 -1
0x00 6 60092 1914 0x0002 -1 -1
0x02 6 1914 60092 0x0014 -1 -1
0x02 6 27037 4111 0x0018 -1 -1
0x00 6 60092 6689 0x0002 -1 -1
0x00 6 60092 3260 0x0002 -1 -1
0x00 6 60096 1152 0x0002 -1 -1
0x02 6 1152 60096 0x0014 -1 -1
0x02 6 4111 27037 0x0010 -1 -1
0x00 17 -1 -1 -1 33753 5555
0x00 6 60094 2105 0x0002 -1 -1
0x02 6 2105 60094 0x0014 -1 -1
0x00 6 60094 6689 0x0002 -1 -1
0x00 6 60094 3260 0x0002 -1 -1
0x02 6 3260 60094 0x0014 -1 -1
0x00 6 60094 801 0x0002 -1 -1
0x00 6 60096 6689 0x0002 -1 -1
0x02 6 6689 60096 0x0014 -1 -1
0x00 6 60092 90 0x0002 -1 -1
0x02 6 90 60092 0x0014 -1 -1
0x00 6 60096 801 0x0002 -1 -1
0x02 6 801 60096 0x0014 -1 -1
0x00 6 60092 3801 0x0002 -1 -1
0x00 17 -1 -1 -1 33755 5555
0x00 6 60092 64680 0x0002 -1 -1
0x00 6 60094 3801 0x0002 -1 -1
0x02 6 3801 60094 0x0014 -1 -1
0x00 6 60094 64680 0x0002 -1 -1
0x02 6 64680 60094 0x0014 -1 -1
0x00 6 60092 2869 0x0002 -1 -1
0x02 6 2869 60092 0x0014 -1 -1
0x00 6 60092 2006 0x0002 -1 -1
0x00 6 60092 1007 0x0002 -1 -1
0x02 6 1007 60092 0x0014 -1 -1
0x00 6 60092 8082 0x0002 -1 -1
0x00 6 60092 6001 0x0002 -1 -1
0x00 6 60092 7019 0x0002 -1 -1
0x00 6 60092 8654 0x0002 -1 -1
0x02 6 8654 60092 0x0014 -1 -1
0x00 6 60092 2045 0x0002 -1 -1
0x00 17 -1 -1 -1 33757 5555
0x00 6 60094 2006 0x0002 -1 -1
0x02 6 2006 60094 0x0014 -1 -1
0x00 6 60094 6001 0x0002 -1 -1
0x02 6 6001 60094 0x0014 -1 -1
0x00 6 60094 7019 0x0002 -1 -1
0x00 6 60094 2045 0x0002 -1 -1
0x02 6 2045 60094 0x0014 -1 -1
0x00 6 60094 8082 0x0002 -1 -1
0x00 6 60096 7019 0x0002 -1 -1
0x02 6 7019 60096 0x0014 -1 -1
0x00 6 60092 10180 0x0002 -1 -1
0x02 6 10180 60092 0x0014 -1 -1
0x00 6 60092 2010 0x0002 -1 -1
0x00 17 -1 -1 -1 33759 5555
0x00 1 -1 -1 -1 -1 -1
0x00 6 60096 8082 0x0002 -1 -1
0x00 6 60092 1863 0x0002 -1 -1
0x02 6 1863 60092 0x0014 -1 -1
0x00 6 60092 125 0x0002 -1 -1
0x00 6 60092 6007 0x0002 -1 -1
0x00 6 60092 32774 0x0002 -1 -1
0x02 6 32774 60092 0x0014 -1 -1
0x02 17 -1 -1 -1 5353 5353
0x00 6 60092 1111 0x0002 -1 -1
0x02 17 -1 -1 -1 5353 5353
0x02 17 -1 -1 -1 5353 5353
0x02 17 -1 -1 -1 5353 5353
0x00 6 60094 2010 0x0002 -1 -1
0x02 6 2010 60094 0x0014 -1 -1
0x02 17 -1 -1 -1 5353 5353
0x00 6 60094 125 0x0002 -1 -1
0x02 6 125 60094 0x0014 -1 -1
0x00 6 60094 6007 0x0002 -1 -1
0x00 6 60094 1111 0x0002 -1 -1
0x02 6 4183 8009 0x0018 -1 -1
0x02 6 8009 4183 0x0018 -1 -1
0x02 6 4183 8009 0x0010 -1 -1
0x00 6 60096 6007 0x0002 -1 -1
0x02 6 6007 60096 0x0014 -1 -1
0x00 6 60098 8082 0x0002 -1 -1
0x02 6 8082 60098 0x0014 -1 -1
0x00 6 60096 1111 0x0002 -1 -1
0x02 6 1111 60096 0x0014 -1 -1
0x00 6 60092 7496 0x0002 -1 -1
0x00 6 60092 5002 0x0002 -1 -1
0x02 6 5002 60092 0x0014 -1 -1
0x00 6 60092 65000 0x0002 -1 -1
0x00 6 60092 55555 0x0002 -1 -1
0x00 6 60092 1030 0x0002 -1 -1
0x00 6 60094 7496 0x0002 -1 -1
0x02 6 7496 60094 0x0014 -1 -1
0x00 17 -1 -1 -1 33751 49168
0x00 6 60094 65000 0x0002 -1 -1
0x02 6 65000 60094 0x0014 -1 -1
0x00 6 60094 55555 0x0002 -1 -1
0x02 6 55555 60094 0x0014 -1 -1
0x00 6 60094 1030 0x0002 -1 -1
0x00 6 60092 1213 0x0002 -1 -1
0x00 6 60096 1030 0x0002 -1 -1
0x02 6 1030 60096 0x0014 -1 -1
0x00 6 60094 1213 0x0002 -1 -1
0x02 6 1213 60094 0x0014 -1 -1
0x00 6 60092 1095 0x0002 -1 -1
0x02 6 1095 60092 0x0014 -1 -1
0x00 6 60092 34571 0x0002 -1 -1
0x00 6 60092 1080 0x0002 -1 -1
0x02 6 1080 60092 0x0014 -1 -1
0x00 6 60092 6004 0x0002 -1 -1
0x00 6 60092 3369 0x0002 -1 -1
0x00 6 60092 13783 0x0002 -1 -1
0x02 6 13783 60092 0x0014 -1 -1
0x00 6 60092 8087 0x0002 -1 -1
0x00 6 60092 7999 0x0002 -1 -1
0x00 6 60094 34571 0x0002 -1 -1
0x02 6 34571 60094 0x0014 -1 -1
0x00 6 60094 3369 0x0002 -1 -1
0x02 6 3369 60094 0x0014 -1 -1
0x00 6 60094 8087 0x0002 -1 -1
0x02 6 8087 60094 0x0014 -1 -1
0x00 6 60094 7999 0x0002 -1 -1
0x00 6 60094 6004 0x0002 -1 -1
0x00 17 -1 -1 -1 33753 49168
0x00 6 60096 7999 0x0002 -1 -1
0x02 6 7999 60096 0x0014 -1 -1
0x02 6 32422 443 0x0018 -1 -1
0x02 6 32422 443 0x0018 -1 -1
0x00 6 60096 6004 0x0002 -1 -1
0x02 6 6004 60096 0x0014 -1 -1
0x00 6 60092 1718 0x0002 -1 -1
0x02 6 1718 60092 0x0014 -1 -1
0x02 6 443 32422 0x0010 -1 -1
0x02 6 443 32422 0x0010 -1 -1
0x02 6 443 32422 0x0018 -1 -1
0x02 6 443 32422 0x0018 -1 -1
0x02 6 32422 443 0x0010 -1 -1
0x02 6 443 32422 0x0018 -1 -1
0x00 17 -1 -1 -1 55512 53
0x00 17 -1 -1 -1 60805 53
0x02 6 32422 443 0x0018 -1 -1
0x02 6 32422 443 0x0018 -1 -1
0x02 6 32422 443 0x0018 -1 -1
0x02 6 32422 443 0x0010 -1 -1
0x02 6 32422 443 0x0018 -1 -1
0x00 17 -1 -1 -1 53 55512
0x00 6 60092 6699 0x0002 -1 -1
0x00 17 -1 -1 -1 53 60805
0x02 6 443 32422 0x0010 -1 -1
0x02 6 443 32422 0x0010 -1 -1
0x02 6 443 32422 0x0010 -1 -1
0x02 6 443 32422 0x0010 -1 -1
0x02 6 443 32422 0x0010 -1 -1
0x00 6 60092 3031 0x0002 -1 -1
0x02 6 3031 60092 0x0014 -1 -1
0x00 6 60092 6667 0x0002 -1 -1
0x00 6 60092 27352 0x0002 -1 -1
0x00 6 60092 8200 0x0002 -1 -1
0x00 6 60092 19315 0x0002 -1 -1
0x02 6 19315 60092 0x0014 -1 -1
0x00 6 60092 32769 0x0002 -1 -1
0x00 6 60094 6699 0x0002 -1 -1
0x02 6 6699 60094 0x0014 -1 -1
0x00 6 60094 27352 0x0002 -1 -1
0x02 6 27352 60094 0x0014 -1 -1
0x00 6 60094 8200 0x0002 -1 -1
0x00 6 60094 32769 0x0002 -1 -1
0x02 6 32769 60094 0x0014 -1 -1
0x00 6 60094 6667 0x0002 -1 -1
0x00 6 60096 8200 0x0002 -1 -1
0x02 6 8200 60096 0x0014 -1 -1
0x00 6 60092 1192 0x0002 -1 -1
0x02 6 1192 60092 0x0014 -1 -1
0x00 6 60092 1148 0x0002 -1 -1
0x00 6 60092 3918 0x0002 -1 -1
0x00 6 60096 6667 0x0002 -1 -1
0x02 6 6667 60096 0x0014 -1 -1
0x00 17 -1 -1 -1 33755 49168
0x00 1 -1 -1 -1 -1 -1
0x00 6 60094 1148 0x0002 -1 -1
0x02 6 1148 60094 0x0014 -1 -1
0x00 6 60094 3918 0x0002 -1 -1
0x02 6 3918 60094 0x0014 -1 -1
0x00 6 60092 49156 0x0002 -1 -1
0x00 6 60092 5666 0x0002 -1 -1
0x02 6 5666 60092 0x0014 -1 -1
0x00 6 60092 389 0x0002 -1 -1
0x00 6 60092 2043 0x0002 -1 -1
0x00 17 -1 -1 -1 60806 59870
0x00 17 -1 -1 -1 60807 59870
0x02 6 32339 443 0x0018 -1 -1
0x00 6 60092 57797 0x0002 -1 -1
0x00 6 60094 49156 0x0002 -1 -1
0x02 6 49156 60094 0x0014 -1 -1
0x00 6 60094 389 0x0002 -1 -1
0x02 6 389 60094 0x0014 -1 -1
0x00 6 60094 2043 0x0002 -1 -1
0x02 6 2043 60094 0x0014 -1 -1
0x02 6 443 32422 0x0018 -1 -1
0x02 6 443 32422 0x0018 -1 -1
0x02 6 32422 443 0x0010 -1 -1
0x02 6 32422 443 0x0018 -1 -1
0x00 6 60094 57797 0x0002 -1 -1
0x00 6 60092 32777 0x0002 -1 -1
0x02 6 443 32422 0x0010 -1 -1
0x02 6 443 32339 0x0018 -1 -1
0x00 17 -1 -1 -1 60808 59870
0x00 17 -1 -1 -1 60809 59870
0x02 6 32339 443 0x0018 -1 -1
0x00 6 60096 57797 0x0002 -1 -1
0x02 6 57797 60096 0x0014 -1 -1
0x00 6 60094 32777 0x0002 -1 -1
0x02 6 32777 60094 0x0014 -1 -1
0x00 6 60092 9503 0x0002 -1 -1
0x02 6 9503 60092 0x0014 -1 -1
0x00 6 60092 50389 0x0002 -1 -1
0x00 6 60092 11110 0x0002 -1 -1
0x02 6 11110 60092 0x0014 -1 -1
0x00 6 60092 8600 0x0002 -1 -1
0x00 6 60092 9103 0x0002 -1 -1
0x00 17 -1 -1 -1 33751 24854
0x00 6 60092 1248 0x0002 -1 -1
0x02 6 1248 60092 0x0014 -1 -1
0x00 6 60092 2260 0x0002 -1 -1
0x00 6 60092 49160 0x0002 -1 -1
0x00 6 60094 50389 0x0002 -1 -1
0x02 6 50389 60094 0x0014 -1 -1
0x02 6 443 32339 0x0018 -1 -1
0x00 6 60094 9103 0x0002 -1 -1
0x02 6 9103 60094 0x0014 -1 -1
0x00 6 60094 2260 0x0002 -1 -1
0x02 6 32339 443 0x0010 -1 -1
0x00 6 60094 49160 0x0002 -1 -1
0x02 6 49160 60094 0x0014 -1 -1
0x00 6 60094 8600 0x0002 -1 -1
0x00 17 -1 -1 -1 61285 6667
0x00 6 60096 2260 0x0002 -1 -1
0x02 6 2260 60096 0x0014 -1 -1
0x00 6 60092 3551 0x0002 -1 -1
0x02 6 3551 60092 0x0014 -1 -1
0x00 6 60096 8600 0x0002 -1 -1
0x02 6 8600 60096 0x0014 -1 -1
0x00 6 60092 4998 0x0002 -1 -1
0x00 6 60092 49155 0x0002 -1 -1
0x00 6 60094 4998 0x0002 -1 -1
0x02 6 4998 60094 0x0014 -1 -1
0x00 6 60094 49155 0x0002 -1 -1
0x02 6 49155 60094 0x0014 -1 -1
0x00 6 60092 1935 0x0002 -1 -1
0x02 6 1935 60092 0x0014 -1 -1
0x00 6 60092 20221 0x0002 -1 -1
0x00 17 -1 -1 -1 33753 24854
0x00 1 -1 -1 -1 -1 -1
0x00 6 60092 2170 0x0002 -1 -1
0x02 6 2170 60092 0x0014 -1 -1
0x00 6 60092 2003 0x0002 -1 -1
0x00 6 60092 1218 0x0002 -1 -1
0x00 6 60092 1594 0x0002 -1 -1
0x00 6 60092 2500 0x0002 -1 -1
0x02 6 2500 60092 0x0014 -1 -1
0x00 6 60092 6839 0x0002 -1 -1
0x00 6 60094 20221 0x0002 -1 -1
0x02 6 20221 60094 0x0014 -1 -1
0x00 6 60094 1218 0x0002 -1 -1
0x02 6 1218 60094 0x0014 -1 -1
0x00 6 60094 1594 0x0002 -1 -1
0x00 6 60094 6839 0x0002 -1 -1
0x02 6 6839 60094 0x0014 -1 -1
0x00 6 60094 2003 0x0002 -1 -1
0x00 6 60096 1594 0x0002 -1 -1
0x02 6 1594 60096 0x0014 -1 -1
0x00 6 60092 10000 0x0002 -1 -1
0x02 6 10000 60092 0x0014 -1 -1
0x00 6 60092 981 0x0002 -1 -1
0x00 6 60096 2003 0x0002 -1 -1
0x00 6 60092 5633 0x0002 -1 -1
0x02 6 5633 60092 0x0014 -1 -1
0x00 6 60092 2033 0x0002 -1 -1
0x00 6 60092 903 0x0002 -1 -1
0x00 6 60092 1163 0x0002 -1 -1
0x02 6 1163 60092 0x0014 -1 -1
0x02 6 80 32426 0x0018 -1 -1
0x00 6 60092 4567 0x0002 -1 -1
0x02 6 32426 80 0x0018 -1 -1
0x00 6 60094 981 0x0002 -1 -1
0x02 6 981 60094 0x0014 -1 -1
0x02 6 80 32426 0x0010 -1 -1
0x00 17 -1 -1 -1 33751 21710
0x00 6 60094 2033 0x0002 -1 -1
0x02 6 2033 60094 0x0014 -1 -1
0x00 6 60094 903 0x0002 -1 -1
0x00 6 60094 4567 0x0002 -1 -1
0x00 6 60096 903 0x0002 -1 -1
0x02 6 903 60096 0x0014 -1 -1
0x00 6 60098 2003 0x0002 -1 -1
0x02 6 2003 60098 0x0014 -1 -1
0x00 6 60096 4567 0x0002 -1 -1
0x02 6 4567 60096 0x0014 -1 -1
0x00 6 60092 15742 0x0002 -1 -1
-1 -1 -1 -1 -1 -1 -1
-1 -1 -1 -1 -1 -1 -1
0x00 6 60092 4045 0x0002 -1 -1
0x02 6 4045 60092 0x0014 -1 -1
0x00 6 60092 2702 0x0002 -1 -1
0x00 6 60092 5730 0x0002 -1 -1
0x00 6 60092 2119 0x0002 -1 -1
0x02 6 2119 60092 0x0014 -1 -1
0x00 6 60092 14442 0x0002 -1 -1
0x00 6 60092 9415 0x0002 -1 -1
0x00 6 60094 15742 0x0002 -1 -1
0x02 6 15742 60094 0x0014 -1 -1
0x00 6 60094 5730 0x0002 -1 -1
0x02 6 5730 60094 0x0014 -1 -1
0x00 6 60094 14442 0x0002 -1 -1
0x00 6 60094 9415 0x0002 -1 -1
0x02 6 9415 60094 0x0014 -1 -1
0x00 6 60094 2702 0x0002 -1 -1
0x00 17 -1 -1 -1 33753 21710
0x00 6 60096 14442 0x0002 -1 -1
0x02 6 14442 60096 0x0014 -1 -1
0x00 6 60092 2068 0x0002 -1 -1
0x02 6 2068 60092 0x0014 -1 -1
0x00 6 60096 2702 0x0002 -1 -1
0x02 6 2702 60096 0x0014 -1 -1
0x00 6 60092 5357 0x0002 -1 -1
0x00 6 60092 5961 0x0002 -1 -1
0x00 6 60094 5357 0x0002 -1 -1
0x02 6 5357 60094 0x0014 -1 -1
0x00 6 60094 5961 0x0002 -1 -1
0x02 6 5961 60094 0x0014 -1 -1
0x00 6 60092 3211 0x0002 -1 -1
0x02 6 3211 60092 0x0014 -1 -1
0x00 6 60092 6969 0x0002 -1 -1
0x00 6 60092 2160 0x0002 -1 -1
0x02 6 2160 60092 0x0014 -1 -1
0x00 6 60092 49400 0x0002 -1 -1
0x00 6 60092 2399 0x0002 -1 -1
0x00 6 60092 6789 0x0002 -1 -1
0x00 6 60092 4111 0x0002 -1 -1
0x02 6 4111 60092 0x0014 -1 -1
0x00 6 60092 1067 0x0002 -1 -1
0x00 6 60094 6969 0x0002 -1 -1
0x02 6 6969 60094 0x0014 -1 -1
0x00 6 60094 2399 0x0002 -1 -1
0x02 6 2399 60094 0x0014 -1 -1
0x00 6 60094 6789 0x0002 -1 -1
0x00 6 60094 1067 0x0002 -1 -1
0x02 6 1067 60094 0x0014 -1 -1
0x00 6 60094 49400 0x0002 -1 -1
0x00 17 -1 -1 -1 33755 21710
0x00 1 -1 -1 -1 -1 -1
0x00 6 60096 6789 0x0002 -1 -1
0x02 6 6789 60096 0x0014 -1 -1
0x00 6 60092 19801 0x0002 -1 -1
0x02 6 19801 60092 0x0014 -1 -1
0x00 6 60092 7777 0x0002 -1 -1
0x00 6 60096 49400 0x0002 -1 -1
0x00 6 60092 9040 0x0002 -1 -1
0x02 6 9040 60092 0x0014 -1 -1
0x00 6 60092 3221 0x0002 -1 -1
0x00 6 60092 3011 0x0002 -1 -1
0x00 6 60092 32785 0x0002 -1 -1
0x02 6 32785 60092 0x0014 -1 -1
0x00 6 60092 3659 0x0002 -1 -1
0x00 6 60092 32784 0x0002 -1 -1
0x00 17 -1 -1 -1 58149 53
0x00 17 -1 -1 -1 51916 53
0x00 17 -1 -1 -1 53 58149
0x00 17 -1 -1 -1 53 51916
0x02 17 -1 -1 -1 59452 443
0x00 6 60094 7777 0x0002 -1 -1
0x02 6 7777 60094 0x0014 -1 -1
0x02 17 -1 -1 -1 443 59452
0x02 17 -1 -1 -1 59452 443
0x02 17 -1 -1 -1 59452 443
0x02 17 -1 -1 -1 59452 443
0x02 17 -1 -1 -1 59452 443
0x02 17 -1 -1 -1 443 59452
0x02 17 -1 -1 -1 443 59452
0x02 17 -1 -1 -1 59452 443
0x02 17 -1 -1 -1 443 59452
0x02 17 -1 -1 -1 443 59452
0x02 17 -1 -1 -1 59452 443
0x00 6 60094 3011 0x0002 -1 -1
0x02 6 3011 60094 0x0014 -1 -1
0x00 17 -1 -1 -1 49859 53
0x00 17 -1 -1 -1 55761 53
0x00 17 -1 -1 -1 55316 53
0x00 17 -1 -1 -1 53922 53
0x00 17 -1 -1 -1 64502 53
0x00 17 -1 -1 -1 59129 53
0x00 17 -1 -1 -1 56680 53
0x00 17 -1 -1 -1 56662 53
0x00 6 60094 3659 0x0002 -1 -1
0x00 17 -1 -1 -1 53 49859
0x00 17 -1 -1 -1 53 55761
0x00 17 -1 -1 -1 53 55316
0x00 17 -1 -1 -1 53 53922
0x00 17 -1 -1 -1 53 64502
0x00 17 -1 -1 -1 53 59129
0x02 6 32433 443 0x0002 -1 -1
0x02 6 32434 443 0x0002 -1 -1
0x02 6 32435 443 0x0002 -1 -1
0x00 17 -1 -1 -1 49859 53
0x00 17 -1 -1 -1 55761 53
0x00 17 -1 -1 -1 53 56680
0x00 17 -1 -1 -1 53 56662
0x00 6 60094 32784 0x0002 -1 -1
0x02 6 32784 60094 0x0014 -1 -1
0x00 17 -1 -1 -1 53 49859
0x00 17 -1 -1 -1 53 55761
0x00 6 60094 3221 0x0002 -1 -1
0x00 6 60096 3659 0x0002 -1 -1
0x02 6 3659 60096 0x0014 -1 -1
0x00 6 60098 49400 0x0002 -1 -1
0x02 6 49400 60098 0x0014 -1 -1
0x02 6 443 32433 0x0012 -1 -1
0x02 6 32433 443 0x0010 -1 -1
0x02 6 32433 443 0x0018 -1 -1
0x00 6 60096 3221 0x0002 -1 -1
0x02 6 3221 60096 0x0014 -1 -1
0x00 6 60092 38292 0x0002 -1 -1
0x02 6 443 32435 0x0012 -1 -1
0x02 6 32435 443 0x0010 -1 -1
0x02 6 32435 443 0x0018 -1 -1
0x02 6 443 32434 0x0012 -1 -1
0x02 6 32434 443 0x0010 -1 -1
0x02 17 -1 -1 -1 443 59452
0x02 17 -1 -1 -1 59452 443
0x02 6 32434 443 0x0018 -1 -1
0x00 6 60092 32 0x0002 -1 -1
0x00 17 -1 -1 -1 33751 217
0x02 17 -1 -1 -1 443 59452
0x00 6 60094 38292 0x0002 -1 -1
0x02 6 38292 60094 0x0014 -1 -1
0x02 6 443 32433 0x0018 -1 -1
0x02 6 32433 443 0x0010 -1 -1
0x02 6 32433 443 0x0018 -1 -1
0x00 6 60094 32 0x0002 -1 -1
0x02 6 32 60094 0x0014 -1 -1
0x00 6 60092 1717 0x0002 -1 -1
0x02 6 1717 60092 0x0014 -1 -1
0x00 6 60092 25735 0x0002 -1 -1
0x02 6 443 32435 0x0010 -1 -1
0x02 6 443 32435 0x0018 -1 -1
0x02 6 32435 443 0x0010 -1 -1
0x02 6 32435 443 0x0018 -1 -1
0x00 6 60092 726 0x0002 -1 -1
0x02 6 726 60092 0x0014 -1 -1
0x02 6 443 32434 0x0018 -1 -1
0x02 6 32434 443 0x0010 -1 -1
0x02 6 32434 443 0x0018 -1 -1
0x00 6 60092 23502 0x0002 -1 -1
0x00 6 60092 2040 0x0002 -1 -1
0x00 6 60092 161 0x0002 -1 -1
0x02 6 161 60092 0x0014 -1 -1
0x00 6 60092 5960 0x0002 -1 -1
0x00 6 60092 2106 0x0002 -1 -1
0x00 6 60092 6006 0x0002 -1 -1
0x02 6 443 32433 0x0010 -1 -1
0x02 6 32433 443 0x0010 -1 -1
0x02 6 443 32433 0x0010 -1 -1
0x02 6 32433 443 0x0010 -1 -1
0x02 6 443 32433 0x0010 -1 -1
0x02 6 32433 443 0x0010 -1 -1
0x02 6 443 32433 0x0010 -1 -1
0x02 6 32433 443 0x0010 -1 -1
0x02 6 443 32433 0x0018 -1 -1
0x02 6 32433 443 0x0010 -1 -1
0x02 6 32433 443 0x0018 -1 -1
0x00 6 60094 25735 0x0002 -1 -1
0x02 6 25735 60094 0x0014 -1 -1
0x02 6 32433 443 0x0018 -1 -1
0x00 17 -1 -1 -1 63804 6667
0x02 6 443 32435 0x0010 -1 -1
0x02 6 32435 443 0x0010 -1 -1
0x02 6 443 32435 0x0010 -1 -1
0x02 6 32435 443 0x0010 -1 -1
0x02 6 443 32435 0x0010 -1 -1
0x02 6 32435 443 0x0010 -1 -1
0x02 6 443 32435 0x0010 -1 -1
0x02 6 32435 443 0x0010 -1 -1
0x02 6 443 32435 0x0018 -1 -1
0x02 6 32435 443 0x0010 -1 -1
0x02 6 32435 443 0x0018 -1 -1
0x02 6 32435 443 0x0018 -1 -1
0x00 6 60094 5960 0x0002 -1 -1
0x02 6 5960 60094 0x0014 -1 -1
0x00 6 60094 2106 0x0002 -1 -1
0x02 6 2106 60094 0x0014 -1 -1
0x02 6 443 32434 0x0010 -1 -1
0x02 6 32434 443 0x0010 -1 -1
0x02 6 443 32434 0x0010 -1 -1
0x02 6 32434 443 0x0010 -1 -1
0x02 6 443 32249 0x0010 -1 -1
0x02 6 443 32249 0x0018 -1 -1
-1 -1 -1 -1 -1 -1 -1
-1 -1 -1 -1 -1 -1 -1
0x02 6 32249 443 0x0010 -1 -1
-1 -1 -1 -1 -1 -1 -1
0x02 6 443 32305 0x0018 -1 -1
0x02 6 32305 443 0x0010 -1 -1
0x02 6 443 32306 0x0018 -1 -1
0x02 6 32306 443 0x0010 -1 -1
0x02 6 443 32305 0x0011 -1 -1
0x02 6 32305 443 0x0010 -1 -1
0x02 6 443 32306 0x0011 -1 -1
0x02 6 32306 443 0x0010 -1 -1
0x00 17 -1 -1 -1 63804 6667
0x02 6 4183 8009 0x0018 -1 -1
0x02 6 8009 4183 0x0010 -1 -1
0x02 6 8009 4183 0x0018 -1 -1
0x02 6 4183 8009 0x0010 -1 -1
0x02 6 443 32259 0x0018 -1 -1
0x02 6 32259 443 0x0011 -1 -1
0x02 6 443 32259 0x0011 -1 -1
0x02 6 32259 443 0x0010 -1 -1
0x02 6 443 32259 0x0010 -1 -1
0x02 6 443 32260 0x0018 -1 -1
0x02 6 32260 443 0x0011 -1 -1
0x02 6 443 32260 0x0011 -1 -1
0x02 6 32260 443 0x0010 -1 -1
0x02 6 443 32260 0x0010 -1 -1
0x00 17 -1 -1 -1 51955 59870
0x00 17 -1 -1 -1 51956 59870
0x02 6 32249 443 0x0018 -1 -1
0x00 17 -1 -1 -1 5353 5353
-1 -1 -1 -1 -1 5353 5353
0x00 17 -1 -1 -1 5353 5353
-1 -1 -1 -1 -1 5353 5353
-1 -1 -1 -1 -1 5353 5353
-1 -1 -1 -1 -1 5353 5353
0x00 17 -1 -1 -1 5353 5353
0x00 17 -1 -1 -1 5353 5353
0x00 17 -1 -1 -1 5353 5353
-1 -1 -1 -1 -1 5353 5353
0x00 17 -1 -1 -1 5353 5353
-1 -1 -1 -1 -1 5353 5353
-1 -1 -1 -1 -1 5353 5353
-1 -1 -1 -1 -1 5353 5353
0x00 17 -1 -1 -1 5353 5353
0x00 17 -1 -1 -1 5353 5353
0x02 6 443 32249 0x0018 -1 -1
0x00 17 -1 -1 -1 51957 59870
0x00 17 -1 -1 -1 51958 59870
0x02 6 32249 443 0x0018 -1 -1
0x02 6 443 32249 0x0018 -1 -1
0x02 6 32249 443 0x0010 -1 -1
0x02 17 -1 -1 -1 5353 5353
0x00 17 -1 -1 -1 5353 5353
-1 -1 -1 -1 -1 5353 5353
-1 -1 -1 -1 -1 5353 5353
0x00 17 -1 -1 -1 5353 5353
0x00 17 -1 -1 -1 61285 6667
0x00 17 -1 -1 -1 5353 5353
-1 -1 -1 -1 -1 5353 5353
-1 -1 -1 -1 -1 5353 5353
0x00 17 -1 -1 -1 5353 5353
0x02 6 4218 8009 0x0018 -1 -1
0x02 6 8009 4218 0x0018 -1 -1
0x02 6 4218 8009 0x0010 -1 -1
0x02 6 27037 4111 0x0018 -1 -1
0x02 6 4111 27037 0x0010 -1 -1
0x02 6 4547 443 0x0018 -1 -1
0x02 6 443 4547 0x0010 -1 -1
0x02 6 443 4547 0x0018 -1 -1
0x02 6 4547 443 0x0010 -1 -1
0x02 6 4153 443 0x0018 -1 -1
0x00 6 443 4153 0x0010 -1 -1
0x00 17 -1 -1 -1 63804 6667
0x00 17 -1 -1 -1 5353 5353
-1 -1 -1 -1 -1 5353 5353
-1 -1 -1 -1 -1 5353 5353
0x00 17 -1 -1 -1 5353 5353
0x00 6 443 4153 0x0018 -1 -1
0x00 17 -1 -1 -1 5353 5353
-1 -1 -1 -1 -1 5353 5353
-1 -1 -1 -1 -1 5353 5353
0x00 17 -1 -1 -1 5353 5353
0x02 6 4153 443 0x0010 -1 -1
0x00 17 -1 -1 -1 51959 59870
0x00 17 -1 -1 -1 51960 59870
0x02 6 32249 443 0x0018 -1 -1
0x02 6 4183 8009 0x0018 -1 -1
0x02 6 443 32249 0x0018 -1 -1
0x02 6 32249 443 0x0010 -1 -1
0x02 6 32293 443 0x0010 -1 -1
0x02 6 32294 443 0x0010 -1 -1
0x02 6 32297 443 0x0010 -1 -1
0x02 6 32296 443 0x0010 -1 -1
0x02 6 32295 443 0x0010 -1 -1
0x02 6 443 32293 0x0010 -1 -1
0x02 6 443 32294 0x0010 -1 -1
0x02 6 443 32296 0x0010 -1 -1
0x02 6 443 32297 0x0010 -1 -1
0x02 6 443 32295 0x0010 -1 -1
0x02 6 4183 8009 0x0018 -1 -1
0x02 6 8009 4183 0x0010 -1 -1
0x02 6 8009 4183 0x0018 -1 -1
0x02 6 4183 8009 0x0010 -1 -1
0x00 17 -1 -1 -1 61285 6667
0x02 6 4218 8009 0x0018 -1 -1
0x02 6 8009 4218 0x0018 -1 -1
0x02 6 4218 8009 0x0010 -1 -1
0x00 17 -1 -1 -1 51961 59870
0x00 17 -1 -1 -1 51962 59870
0x02 6 32249 443 0x0018 -1 -1
0x02 6 443 32249 0x0018 -1 -1
0x00 17 -1 -1 -1 51963 59870
0x00 17 -1 -1 -1 51964 59870
0x02 6 32249 443 0x0018 -1 -1
0x02 6 443 32249 0x0010 -1 -1
0x00 17 -1 -1 -1 5353 5353
-1 -1 -1 -1 -1 5353 5353
-1 -1 -1 -1 -1 5353 5353
0x00 17 -1 -1 -1 5353 5353
0x00 17 -1 -1 -1 54354 53
0x00 17 -1 -1 -1 59948 53
0x00 17 -1 -1 -1 53 54354
0x00 17 -1 -1 -1 53 59948
0x02 17 -1 -1 -1 65171 443
0x02 17 -1 -1 -1 65171 443
0x02 17 -1 -1 -1 443 65171
0x02 17 -1 -1 -1 443 65171
0x02 17 -1 -1 -1 443 65171
0x02 17 -1 -1 -1 65171 443
0x02 17 -1 -1 -1 65171 443
0x02 17 -1 -1 -1 65171 443
0x02 17 -1 -1 -1 443 65171
0x02 17 -1 -1 -1 443 65171
0x02 17 -1 -1 -1 65171 443
0x00 17 -1 -1 -1 5353 5353
-1 -1 -1 -1 -1 5353 5353
-1 -1 -1 -1 -1 5353 5353
0x00 17 -1 -1 -1 5353 5353
0x02 17 -1 -1 -1 443 65171
0x02 17 -1 -1 -1 65171 443
0x02 17 -1 -1 -1 65171 443
0x02 17 -1 -1 -1 65171 443
0x02 17 -1 -1 -1 443 65171
0x02 17 -1 -1 -1 443 65171
0x02 17 -1 -1 -1 65171 443
0x02 17 -1 -1 -1 443 65171
0x02 6 443 32249 0x0018 -1 -1
0x00 17 -1 -1 -1 65173 59871
0x00 17 -1 -1 -1 65175 59871
0x00 17 -1 -1 -1 65176 59871
0x00 17 -1 -1 -1 65177 59871
0x02 6 32249 443 0x0010 -1 -1
0x00 17 -1 -1 -1 63804 6667
0x00 17 -1 -1 -1 61656 53
0x00 17 -1 -1 -1 55761 53
0x00 17 -1 -1 -1 53 61656
0x00 17 -1 -1 -1 53 55761
0x02 6 32309 443 0x0002 -1 -1
0x00 17 -1 -1 -1 5353 5353
0x02 6 443 32309 0x0012 -1 -1
0x02 6 32309 443 0x0010 -1 -1
-1 -1 -1 -1 -1 5353 5353
0x02 6 32309 443 0x0018 -1 -1
0x02 6 32280 443 0x0010 -1 -1
0x02 6 443 32280 0x0010 -1 -1
0x02 6 443 32309 0x0018 -1 -1
0x02 6 443 32309 0x0018 -1 -1
0x02 6 32309 443 0x0010 -1 -1
0x02 6 443 32309 0x0018 -1 -1
0x02 6 443 32309 0x0018 -1 -1
0x02 6 32309 443 0x0010 -1 -1
0x02 6 32309 443 0x0018 -1 -1
0x02 6 32281 443 0x0010 -1 -1
0x02 6 443 32281 0x0010 -1 -1
0x02 6 4183 8009 0x0018 -1 -1
0x02 6 32282 443 0x0010 -1 -1
0x02 6 443 32282 0x0010 -1 -1
0x02 6 443 32309 0x0010 -1 -1
0x02 6 443 32309 0x0018 -1 -1
0x02 6 443 32309 0x0018 -1 -1
0x02 6 32309 443 0x0010 -1 -1
0x02 6 32309 443 0x0018 -1 -1
0x02 6 32309 443 0x0018 -1 -1
0x02 6 8009 4183 0x0018 -1 -1
0x02 6 4183 8009 0x0010 -1 -1
0x02 6 443 32309 0x0010 -1 -1
0x02 6 443 32309 0x0010 -1 -1
0x02 6 443 32309 0x0018 -1 -1
0x02 6 32309 443 0x0018 -1 -1
0x02 6 32309 443 0x0011 -1 -1
0x02 6 443 32309 0x0011 -1 -1
0x02 6 32309 443 0x0010 -1 -1
0x02 6 32279 443 0x0010 -1 -1
0x02 6 443 32279 0x0010 -1 -1
0x02 6 32277 443 0x0010 -1 -1
0x02 6 32256 443 0x0010 -1 -1
0x02 6 32255 443 0x0010 -1 -1
0x02 6 32275 443 0x0010 -1 -1
0x02 6 443 32277 0x0010 -1 -1
0x02 6 443 32256 0x0010 -1 -1
0x02 6 443 32255 0x0010 -1 -1
0x02 6 443 32275 0x0010 -1 -1
0x02 6 443 32309 0x0011 -1 -1
0x02 6 443 32309 0x0010 -1 -1
0x02 6 32254 443 0x0010 -1 -1
0x02 6 443 32254 0x0010 -1 -1
0x02 6 32278 443 0x0010 -1 -1
0x02 6 32286 443 0x0010 -1 -1
0x02 6 443 32278 0x0010 -1 -1
0x02 6 443 32286 0x0010 -1 -1
0x00 17 -1 -1 -1 65178 59870
0x00 17 -1 -1 -1 65180 59870
0x00 17 -1 -1 -1 65182 59871
0x00 17 -1 -1 -1 65183 59871
0x00 17 -1 -1 -1 65184 59871
0x00 17 -1 -1 -1 65185 59871
0x00 17 -1 -1 -1 64199 53
0x00 17 -1 -1 -1 51783 53
0x00 17 -1 -1 -1 53 64199
0x00 17 -1 -1 -1 53 51783
0x02 17 -1 -1 -1 58371 443
0x02 17 -1 -1 -1 443 58371
0x02 17 -1 -1 -1 58371 443
0x02 17 -1 -1 -1 58371 443
0x02 17 -1 -1 -1 58371 443
0x02 17 -1 -1 -1 58371 443
0x02 17 -1 -1 -1 58371 443
0x02 17 -1 -1 -1 58371 443
0x02 17 -1 -1 -1 58371 443
0x02 17 -1 -1 -1 58371 443
0x02 17 -1 -1 -1 58371 443
0x02 17 -1 -1 -1 58371 443
0x02 17 -1 -1 -1 443 58371
0x02 17 -1 -1 -1 443 58371
0x02 17 -1 -1 -1 58371 443
0x02 17 -1 -1 -1 443 58371
0x02 17 -1 -1 -1 443 58371
0x02 17 -1 -1 -1 443 58371
0x02 17 -1 -1 -1 443 58371
0x02 17 -1 -1 -1 443 58371
0x02 17 -1 -1 -1 58371 443
0x02 17 -1 -1 -1 443 58371
0x02 17 -1 -1 -1 58371 443
0x02 17 -1 -1 -1 443 58371
0x00 17 -1 -1 -1 61285 6667
0x00 17 -1 -1 -1 59636 53
0x00 17 -1 -1 -1 55256 53
0x00 17 -1 -1 -1 53 59636
0x00 17 -1 -1 -1 53 55256
0x02 6 32310 443 0x0002 -1 -1
0x00 17 -1 -1 -1 63760 1900
0x02 17 -1 -1 -1 59573 63760
0x02 6 32311 8008 0x0002 -1 -1
0x02 6 8008 32311 0x0012 -1 -1
0x02 6 32311 8008 0x0010 -1 -1
0x02 6 32311 8008 0x0018 -1 -1
0x02 6 8008 32311 0x0010 -1 -1
0x02 6 8008 32311 0x0018 -1 -1
0x02 6 443 32310 0x0012 -1 -1
0x02 6 32310 443 0x0010 -1 -1
0x02 6 32310 443 0x0018 -1 -1
0x02 6 32311 8008 0x0010 -1 -1
0x02 6 32311 8008 0x0011 -1 -1
0x02 6 4218 8009 0x0018 -1 -1
0x02 6 8009 4218 0x0018 -1 -1
0x02 6 4218 8009 0x0010 -1 -1
0x02 6 8008 32311 0x0011 -1 -1
0x02 6 32311 8008 0x0010 -1 -1
0x02 6 443 32310 0x0010 -1 -1
0x02 6 443 32310 0x0010 -1 -1
0x02 6 443 32310 0x0010 -1 -1
0x02 6 443 32310 0x0010 -1 -1
0x02 6 32310 443 0x0010 -1 -1
0x02 6 443 32310 0x0010 -1 -1
0x02 6 443 32310 0x0018 -1 -1
0x02 6 32310 443 0x0010 -1 -1
0x02 6 32310 443 0x0018 -1 -1
0x02 6 443 32310 0x0010 -1 -1
0x02 6 443 32310 0x0018 -1 -1
0x02 6 443 32310 0x0018 -1 -1
0x02 6 32310 443 0x0010 -1 -1
0x02 6 32310 443 0x0018 -1 -1
0x02 6 32310 443 0x0018 -1 -1
0x02 6 32310 443 0x0018 -1 -1
0x02 6 32310 443 0x0018 -1 -1
0x02 6 443 32310 0x0010 -1 -1
0x02 6 443 32310 0x0018 -1 -1
0x02 6 443 32310 0x0010 -1 -1
0x02 6 443 32310 0x0018 -1 -1
0x02 6 32310 443 0x0010 -1 -1
0x02 6 443 32310 0x0018 -1 -1
0x02 6 32310 443 0x0011 -1 -1
0x02 6 443 32310 0x0011 -1 -1
0x02 6 32310 443 0x0010 -1 -1
-1 -1 -1 -1 -1 -1 -1
-1 -1 -1 -1 -1 -1 -1
0x02 17 -1 -1 -1 5353 5353
0x02 17 -1 -1 -1 5353 5353
-1 -1 -1 -1 -1 5353 5353
-1 -1 -1 -1 -1 5353 5353
0x02 17 -1 -1 -1 5353 5353
-1 -1 -1 -1 -1 5353 5353
0x00 17 -1 -1 -1 63804 6667
0x00 17 -1 -1 -1 58410 59870
0x00 17 -1 -1 -1 58411 59870
0x00 17 -1 -1 -1 58414 59871
0x00 17 -1 -1 -1 58415 59871
0x00 17 -1 -1 -1 58416 59871
0x00 17 -1 -1 -1 58417 59871
0x00 17 -1 -1 -1 58418 59870
0x00 17 -1 -1 -1 58419 59870
0x00 17 -1 -1 -1 58422 59871
0x00 17 -1 -1 -1 58423 59871
0x00 17 -1 -1 -1 58424 59871
0x00 17 -1 -1 -1 58425 59871
0x02 6 32257 443 0x0010 -1 -1
0x02 6 32252 443 0x0010 -1 -1
0x02 6 32253 443 0x0010 -1 -1
0x02 6 443 32257 0x0010 -1 -1
0x02 6 443 32252 0x0010 -1 -1
0x02 6 443 32253 0x0010 -1 -1
0x02 6 443 32287 0x0014 -1 -1
0x02 6 4183 8009 0x0018 -1 -1
0x02 6 8009 4183 0x0018 -1 -1
0x02 6 4183 8009 0x0010 -1 -1
0x00 17 -1 -1 -1 5353 5353
-1 -1 -1 -1 -1 5353 5353
-1 -1 -1 -1 -1 5353 5353
0x00 17 -1 -1 -1 5353 5353
0x00 17 -1 -1 -1 5353 5353
-1 -1 -1 -1 -1 5353 5353
-1 -1 -1 -1 -1 5353 5353
0x00 17 -1 -1 -1 5353 5353
0x00 17 -1 -1 -1 5353 5353
-1 -1 -1 -1 -1 5353 5353
-1 -1 -1 -1 -1 5353 5353
0x00 17 -1 -1 -1 5353 5353
0x00 17 -1 -1 -1 61285 6667
0x00 17 -1 -1 -1 5353 5353
-1 -1 -1 -1 -1 5353 5353
-1 -1 -1 -1 -1 5353 5353
0x00 17 -1 -1 -1 5353 5353
0x02 6 4218 8009 0x0018 -1 -1
0x02 6 8009 4218 0x0018 -1 -1
0x02 6 4218 8009 0x0010 -1 -1
0x00 17 -1 -1 -1 58426 59870
0x00 17 -1 -1 -1 58428 59870
0x00 17 -1 -1 -1 58429 59871
0x00 17 -1 -1 -1 58431 59871
0x00 17 -1 -1 -1 58432 59871
0x00 17 -1 -1 -1 58433 59871
0x00 17 -1 -1 -1 63804 6667
0x00 17 -1 -1 -1 57621 57621
0x00 17 -1 -1 -1 5353 5353
-1 -1 -1 -1 -1 5353 5353
-1 -1 -1 -1 -1 5353 5353
0x00 17 -1 -1 -1 5353 5353
0x00 17 -1 -1 -1 5353 5353
-1 -1 -1 -1 -1 5353 5353
-1 -1 -1 -1 -1 5353 5353
0x00 17 -1 -1 -1 5353 5353
0x02 6 4111 27037 0x0018 -1 -1
0x02 6 27037 4111 0x0010 -1 -1
0x02 6 4183 8009 0x0018 -1 -1
0x02 6 8009 4183 0x0018 -1 -1
0x02 6 4183 8009 0x0010 -1 -1
0x00 17 -1 -1 -1 58434 59870
0x00 17 -1 -1 -1 58435 59870
0x02 6 32249 443 0x0018 -1 -1
0x02 6 443 32249 0x0010 -1 -1
0x02 6 443 32249 0x0018 -1 -1
0x00 17 -1 -1 -1 58436 59870
0x00 17 -1 -1 -1 58437 59870
0x02 6 32249 443 0x0018 -1 -1
0x02 6 443 32249 0x0018 -1 -1
0x02 6 32249 443 0x0010 -1 -1
0x02 6 27037 4111 0x0018 -1 -1
0x02 6 4111 27037 0x0010 -1 -1
0x02 6 32270 443 0x0010 -1 -1
0x02 6 443 32270 0x0010 -1 -1
0x02 6 32266 443 0x0010 -1 -1
0x02 6 32263 443 0x0010 -1 -1
0x02 6 32264 443 0x0010 -1 -1
0x02 6 32265 443 0x0010 -1 -1
0x02 6 32268 443 0x0010 -1 -1
0x02 6 443 32263 0x0010 -1 -1
0x02 6 443 32266 0x0010 -1 -1
0x02 6 443 32265 0x0010 -1 -1
0x02 6 443 32264 0x0010 -1 -1
0x02 6 443 32268 0x0010 -1 -1
0x02 6 32267 443 0x0010 -1 -1
0x02 6 443 32267 0x0010 -1 -1
0x02 6 4170 443 0x0018 -1 -1
0x00 6 443 4170 0x0010 -1 -1
0x02 6 32285 443 0x0010 -1 -1
0x00 6 443 32285 0x0010 -1 -1
0x00 6 443 4170 0x0018 -1 -1
0x00 17 -1 -1 -1 61285 6667
0x02 6 4170 443 0x0010 -1 -1
0x02 6 4218 8009 0x0018 -1 -1
0x02 6 8009 4218 0x0018 -1 -1
0x02 6 4218 8009 0x0010 -1 -1
0x00 17 -1 -1 -1 57983 53
0x00 17 -1 -1 -1 64173 53
0x00 17 -1 -1 -1 53 57983
0x00 17 -1 -1 -1 53 64173
0x02 6 32312 443 0x0002 -1 -1
0x02 6 443 32312 0x0012 -1 -1
0x02 6 32312 443 0x0010 -1 -1
0x02 6 32312 443 0x0018 -1 -1
0x02 6 443 32312 0x0010 -1 -1
0x02 6 443 32312 0x0010 -1 -1
0x02 6 443 32312 0x0018 -1 -1
0x02 6 32312 443 0x0010 -1 -1
0x02 6 443 32312 0x0018 -1 -1
0x02 6 32312 443 0x0018 -1 -1
0x02 6 443 32312 0x0010 -1 -1
0x02 6 443 32312 0x0018 -1 -1
0x02 6 32312 443 0x0018 -1 -1
0x02 6 32312 443 0x0018 -1 -1
0x02 6 443 32312 0x0010 -1 -1
0x02 6 443 32312 0x0010 -1 -1
0x00 17 -1 -1 -1 5353 5353
-1 -1 -1 -1 -1 5353 5353
-1 -1 -1 -1 -1 5353 5353
0x00 17 -1 -1 -1 5353 5353
0x02 6 443 32312 0x0018 -1 -1
0x02 6 443 32312 0x0018 -1 -1
0x02 6 32312 443 0x0010 -1 -1
0x02 6 443 32312 0x0018 -1 -1
0x02 6 32312 443 0x0018 -1 -1
0x02 6 32312 443 0x0011 -1 -1
0x02 6 443 32312 0x0018 -1 -1
0x02 6 32312 443 0x0014 -1 -1
0x02 6 443 32312 0x0010 -1 -1
0x02 6 443 32312 0x0018 -1 -1
0x00 17 -1 -1 -1 5353 5353
-1 -1 -1 -1 -1 5353 5353
-1 -1 -1 -1 -1 5353 5353
0x00 17 -1 -1 -1 5353 5353
0x00 17 -1 -1 -1 58438 59870
0x00 17 -1 -1 -1 58439 59870
0x02 6 32249 443 0x0018 -1 -1
0x00 17 -1 -1 -1 63804 6667
0x02 6 443 32249 0x0010 -1 -1
0x02 6 443 32249 0x0018 -1 -1
0x00 17 -1 -1 -1 58441 59871
0x00 17 -1 -1 -1 58443 59871
0x00 17 -1 -1 -1 58444 59871
0x00 17 -1 -1 -1 58445 59871
0x02 6 32249 443 0x0010 -1 -1
0x02 6 4183 8009 0x0018 -1 -1
0x02 6 8009 4183 0x0018 -1 -1
0x02 6 4183 8009 0x0010 -1 -1
0x00 17 -1 -1 -1 61285 6667
0x02 6 4218 8009 0x0018 -1 -1
0x02 6 8009 4218 0x0018 -1 -1
0x02 6 4218 8009 0x0010 -1 -1
0x00 17 -1 -1 -1 58446 59870
0x00 17 -1 -1 -1 58447 59870
0x00 17 -1 -1 -1 58449 59871
0x00 17 -1 -1 -1 58451 59871
0x00 17 -1 -1 -1 58452 59871
0x00 17 -1 -1 -1 58453 59871
0x00 17 -1 -1 -1 58454 59870
0x00 17 -1 -1 -1 58455 59870
0x00 17 -1 -1 -1 58458 59871
0x00 17 -1 -1 -1 58459 59871
0x00 17 -1 -1 -1 58460 59871
0x00 17 -1 -1 -1 58461 59871
0x02 17 -1 -1 -1 59612 443
0x02 17 -1 -1 -1 59612 443
0x02 17 -1 -1 -1 443 59612
0x02 17 -1 -1 -1 443 59612
0x02 17 -1 -1 -1 443 59612
0x02 17 -1 -1 -1 59612 443
0x02 17 -1 -1 -1 59612 443
0x02 17 -1 -1 -1 443 59612
0x02 17 -1 -1 -1 59612 443
-1 -1 -1 -1 -1 -1 -1
-1 -1 -1 -1 -1 -1 -1
-1 -1 -1 -1 -1 -1 -1
0x00 17 -1 -1 -1 63804 6667
0x02 6 4183 8009 0x0018 -1 -1
0x02 6 8009 4183 0x0018 -1 -1
0x02 6 32258 443 0x0010 -1 -1
0x02 6 443 32258 0x0010 -1 -1
0x02 6 4183 8009 0x0010 -1 -1
0x00 17 -1 -1 -1 59613 59870
0x00 17 -1 -1 -1 59614 59870
0x00 17 -1 -1 -1 59617 59871
0x00 17 -1 -1 -1 59618 59871
0x00 17 -1 -1 -1 59619 59871
0x00 17 -1 -1 -1 59620 59871
0x00 17 -1 -1 -1 5353 5353
-1 -1 -1 -1 -1 5353 5353
0x00 17 -1 -1 -1 5353 5353
-1 -1 -1 -1 -1 5353 5353
-1 -1 -1 -1 -1 5353 5353
-1 -1 -1 -1 -1 5353 5353
0x00 17 -1 -1 -1 5353 5353
0x00 17 -1 -1 -1 5353 5353
0x02 6 32292 443 0x0010 -1 -1
0x02 6 443 32292 0x0010 -1 -1
0x00 17 -1 -1 -1 5353 5353
-1 -1 -1 -1 -1 5353 5353
-1 -1 -1 -1 -1 5353 5353
0x00 17 -1 -1 -1 5353 5353
0x00 17 -1 -1 -1 5353 5353
-1 -1 -1 -1 -1 5353 5353
-1 -1 -1 -1 -1 5353 5353
0x00 17 -1 -1 -1 5353 5353
0x00 17 -1 -1 -1 61285 6667
0x00 17 -1 -1 -1 5353 5353
-1 -1 -1 -1 -1 5353 5353
-1 -1 -1 -1 -1 5353 5353
0x00 17 -1 -1 -1 5353 5353
0x02 6 4218 8009 0x0018 -1 -1
0x02 6 8009 4218 0x0018 -1 -1
0x02 6 4218 8009 0x0010 -1 -1
0x02 17 -1 -1 -1 9487 9478
0x00 17 -1 -1 -1 59621 59870
0x00 17 -1 -1 -1 59622 59870
0x00 17 -1 -1 -1 59624 59871
0x00 17 -1 -1 -1 59626 59871
0x00 17 -1 -1 -1 59627 59871
0x00 17 -1 -1 -1 59628 59870
0x00 17 -1 -1 -1 59629 59871
0x00 17 -1 -1 -1 59630 59870
0x00 17 -1 -1 -1 59633 59871
0x00 17 -1 -1 -1 59634 59871
0x00 17 -1 -1 -1 59635 59871
0x00 17 -1 -1 -1 59637 59871
0x02 6 4547 443 0x0018 -1 -1
0x02 6 443 4547 0x0010 -1 -1
0x02 6 443 4547 0x0018 -1 -1
0x00 17 -1 -1 -1 63804 6667
0x02 6 4547 443 0x0010 -1 -1
0x00 17 -1 -1 -1 5353 5353
-1 -1 -1 -1 -1 5353 5353
-1 -1 -1 -1 -1 5353 5353
0x00 17 -1 -1 -1 5353 5353
0x00 17 -1 -1 -1 5353 5353
-1 -1 -1 -1 -1 5353 5353
-1 -1 -1 -1 -1 5353 5353
0x00 17 -1 -1 -1 5353 5353
0x02 6 4297 443 0x0018 -1 -1
0x02 6 443 4297 0x0018 -1 -1
0x02 6 4300 443 0x0018 -1 -1
0x02 6 4297 443 0x0010 -1 -1
0x02 6 443 4300 0x0018 -1 -1
0x02 6 32232 8008 0x0010 -1 -1
0x02 6 8008 32232 0x0010 -1 -1
0x02 6 4300 443 0x0010 -1 -1
0x02 6 27037 4111 0x0018 -1 -1
0x02 6 4111 27037 0x0010 -1 -1
0x02 6 4153 443 0x0018 -1 -1
0x00 6 443 4153 0x0010 -1 -1
0x00 6 443 4153 0x0018 -1 -1
0x02 6 4153 443 0x0010 -1 -1
0x02 6 4183 8009 0x0018 -1 -1
0x02 6 8009 4183 0x0018 -1 -1
0x02 6 4183 8009 0x0010 -1 -1
0x02 6 32274 443 0x0010 -1 -1
0x02 6 32273 443 0x0010 -1 -1
0x02 6 32272 443 0x0010 -1 -1
0x02 6 32276 443 0x0010 -1 -1
0x02 6 443 32274 0x0010 -1 -1
0x02 6 32271 443 0x0010 -1 -1
0x02 6 443 32273 0x0010 -1 -1
0x02 6 443 32272 0x0010 -1 -1
0x02 6 443 32276 0x0010 -1 -1
0x02 6 443 32271 0x0010 -1 -1
0x02 6 32251 443 0x0010 -1 -1
0x02 6 443 32251 0x0010 -1 -1
0x02 6 32308 443 0x0010 -1 -1
0x02 6 443 32308 0x0010 -1 -1
0x00 17 -1 -1 -1 59638 59870
0x00 17 -1 -1 -1 59639 59870
0x02 6 32249 443 0x0018 -1 -1
0x02 6 27037 4111 0x0018 -1 -1
0x02 6 4111 27037 0x0010 -1 -1
0x02 6 443 32249 0x0010 -1 -1
0x02 6 443 32249 0x0018 -1 -1
0x02 6 32249 443 0x0010 -1 -1
0x00 17 -1 -1 -1 61285 6667
0x02 6 32299 443 0x0011 -1 -1
0x02 6 443 32299 0x0011 -1 -1
0x02 6 32299 443 0x0010 -1 -1
0x02 6 4218 8009 0x0018 -1 -1
0x02 6 8009 4218 0x0018 -1 -1
0x02 6 4218 8009 0x0010 -1 -1
0x02 6 27037 4111 0x0018 -1 -1
0x02 6 4111 27037 0x0010 -1 -1
0x02 6 27037 4111 0x0018 -1 -1
0x02 6 4111 27037 0x0010 -1 -1
0x00 17 -1 -1 -1 5353 5353
-1 -1 -1 -1 -1 5353 5353
-1 -1 -1 -1 -1 5353 5353
0x00 17 -1 -1 -1 5353 5353
0x00 17 -1 -1 -1 5353 5353
-1 -1 -1 -1 -1 5353 5353
-1 -1 -1 -1 -1 5353 5353
0x00 17 -1 -1 -1 5353 5353
0x02 17 -1 -1 -1 9999 9999
0x00 17 -1 -1 -1 63804 6667
-1 -1 -1 -1 -1 -1 -1
-1 -1 -1 -1 -1 -1 -1
0x00 17 -1 -1 -1 59640 59870
0x00 17 -1 -1 -1 59641 59870
0x02 6 32249 443 0x0018 -1 -1
0x02 6 443 32249 0x0018 -1 -1
0x00 17 -1 -1 -1 59642 59870
0x00 17 -1 -1 -1 59643 59870
0x02 6 32249 443 0x0018 -1 -1
0x02 6 443 32277 0x0018 -1 -1
0x02 6 32277 443 0x0011 -1 -1
0x02 6 443 32277 0x0011 -1 -1
0x02 6 32277 443 0x0010 -1 -1
0x02 6 443 32277 0x0010 -1 -1
0x02 6 443 32249 0x0018 -1 -1
0x02 6 32249 443 0x0010 -1 -1
0x02 6 4183 8009 0x0018 -1 -1
0x02 6 8009 4183 0x0018 -1 -1
0x02 6 4183 8009 0x0010 -1 -1
0x00 17 -1 -1 -1 61285 6667
0x02 6 4218 8009 0x0018 -1 -1
0x02 6 8009 4218 0x0018 -1 -1
0x02 6 4218 8009 0x0010 -1 -1
0x02 6 27037 4111 0x0018 -1 -1
0x02 6 4111 27037 0x0010 -1 -1
-1 -1 -1 -1 -1 -1 -1
-1 -1 -1 -1 -1 -1 -1
0x00 17 -1 -1 -1 59644 59870
0x00 17 -1 -1 -1 59645 59870
0x02 6 32249 443 0x0018 -1 -1
0x02 6 443 32249 0x0018 -1 -1
0x02 6 32249 443 0x0010 -1 -1
0x00 17 -1 -1 -1 63804 6667
0x02 6 4183 8009 0x0018 -1 -1
0x02 6 8009 4183 0x0018 -1 -1
0x02 6 4183 8009 0x0010 -1 -1
0x02 6 4136 4070 0x0018 -1 -1
0x00 17 -1 -1 -1 5353 5353
-1 -1 -1 -1 -1 5353 5353
-1 -1 -1 -1 -1 5353 5353
0x00 17 -1 -1 -1 5353 5353
-1 -1 -1 -1 -1 5353 5353
-1 -1 -1 -1 -1 5353 5353
0x00 17 -1 -1 -1 5353 5353
0x00 17 -1 -1 -1 5353 5353
0x00 17 -1 -1 -1 5353 5353
-1 -1 -1 -1 -1 5353 5353
0x00 17 -1 -1 -1 5353 5353
-1 -1 -1 -1 -1 5353 5353
-1 -1 -1 -1 -1 5353 5353
-1 -1 -1 -1 -1 5353 5353
0x00 17 -1 -1 -1 5353 5353
0x00 17 -1 -1 -1 5353 5353
0x02 6 4070 4136 0x0018 -1 -1
0x02 6 4136 4070 0x0010 -1 -1
0x00 17 -1 -1 -1 59684 59870
0x00 17 -1 -1 -1 59685 59870
0x02 6 32249 443 0x0018 -1 -1
0x02 6 443 32249 0x0018 -1 -1
0x00 17 -1 -1 -1 59686 59870
0x00 17 -1 -1 -1 59687 59870
0x02 6 32249 443 0x0018 -1 -1
0x02 6 4111 27037 0x0018 -1 -1
0x02 6 443 32249 0x0018 -1 -1
0x02 6 27037 4111 0x0010 -1 -1
0x02 6 32249 443 0x0010 -1 -1
0x00 17 -1 -1 -1 5353 5353
-1 -1 -1 -1 -1 5353 5353
-1 -1 -1 -1 -1 5353 5353
0x00 17 -1 -1 -1 5353 5353
0x00 17 -1 -1 -1 61285 6667
0x00 17 -1 -1 -1 5353 5353
-1 -1 -1 -1 -1 5353 5353
-1 -1 -1 -1 -1 5353 5353
0x00 17 -1 -1 -1 5353 5353
0x02 6 4218 8009 0x0018 -1 -1
0x02 6 8009 4218 0x0018 -1 -1
0x02 6 4218 8009 0x0010 -1 -1
0x02 6 27037 4111 0x0018 -1 -1
0x02 6 4111 27037 0x0010 -1 -1
0x00 17 -1 -1 -1 63804 6667
0x00 17 -1 -1 -1 57621 57621
0x00 17 -1 -1 -1 5353 5353
-1 -1 -1 -1 -1 5353 5353
-1 -1 -1 -1 -1 5353 5353
0x00 17 -1 -1 -1 5353 5353
0x00 17 -1 -1 -1 5353 5353
-1 -1 -1 -1 -1 5353 5353
-1 -1 -1 -1 -1 5353 5353
0x00 17 -1 -1 -1 5353 5353
0x02 6 32293 443 0x0010 -1 -1
0x02 6 32294 443 0x0010 -1 -1
0x02 6 32297 443 0x0010 -1 -1
0x02 6 32296 443 0x0010 -1 -1
0x02 6 32295 443 0x0010 -1 -1
0x02 6 443 32293 0x0010 -1 -1
0x02 6 443 32294 0x0010 -1 -1
0x02 6 443 32296 0x0010 -1 -1
0x02 6 443 32297 0x0010 -1 -1
0x02 6 443 32295 0x0010 -1 -1
0x00 17 -1 -1 -1 59688 59870
0x00 17 -1 -1 -1 59689 59870
0x02 6 32249 443 0x0018 -1 -1
0x02 6 443 32249 0x0010 -1 -1
0x02 6 4183 8009 0x0018 -1 -1
0x02 6 8009 4183 0x0018 -1 -1
0x02 6 4183 8009 0x0010 -1 -1
0x02 6 4183 8009 0x0018 -1 -1
0x02 6 8009 4183 0x0018 -1 -1
0x02 6 8009 4183 0x0010 -1 -1
0x02 6 4183 8009 0x0010 -1 -1
0x02 6 443 32249 0x0018 -1 -1
0x00 17 -1 -1 -1 59691 59871
0x00 17 -1 -1 -1 59693 59871
0x00 17 -1 -1 -1 59694 59871
0x00 17 -1 -1 -1 59695 59871
0x02 6 32249 443 0x0010 -1 -1
-1 -1 -1 -1 -1 -1 -1
0x02 6 4170 443 0x0018 -1 -1
0x00 6 443 4170 0x0010 -1 -1
0x00 17 -1 -1 -1 61285 6667
0x00 6 443 4170 0x0018 -1 -1
0x02 6 4170 443 0x0010 -1 -1
0x02 6 4218 8009 0x0018 -1 -1
0x02 6 8009 4218 0x0018 -1 -1
0x02 6 4218 8009 0x0010 -1 -1
0x02 6 27037 4111 0x0018 -1 -1
0x02 6 4111 27037 0x0010 -1 -1
-1 -1 -1 -1 -1 -1 -1
0x00 17 -1 -1 -1 5353 5353
-1 -1 -1 -1 -1 5353 5353
-1 -1 -1 -1 -1 5353 5353
0x00 17 -1 -1 -1 5353 5353
0x00 17 -1 -1 -1 5353 5353
-1 -1 -1 -1 -1 5353 5353
-1 -1 -1 -1 -1 5353 5353
0x00 17 -1 -1 -1 5353 5353
0x02 17 -1 -1 -1 5353 5353
0x02 17 -1 -1 -1 5353 5353
-1 -1 -1 -1 -1 5353 5353
-1 -1 -1 -1 -1 5353 5353
0x02 17 -1 -1 -1 5353 5353
-1 -1 -1 -1 -1 5353 5353
0x02 17 -1 -1 -1 5353 5353
-1 -1 -1 -1 -1 5353 5353
0x02 17 -1 -1 -1 5353 5353
0x00 17 -1 -1 -1 59696 59870
0x00 17 -1 -1 -1 59698 59870
0x00 17 -1 -1 -1 59700 59871
0x00 17 -1 -1 -1 59701 59871
0x00 17 -1 -1 -1 59702 59871
0x00 17 -1 -1 -1 59703 59871
0x00 17 -1 -1 -1 59704 59870
0x00 17 -1 -1 -1 59705 59870
0x00 17 -1 -1 -1 59708 59871
0x00 17 -1 -1 -1 59709 59871
0x00 17 -1 -1 -1 59710 59871
0x00 17 -1 -1 -1 59711 59871
-1 -1 -1 -1 -1 -1 -1
0x00 17 -1 -1 -1 63804 6667
0x02 6 32280 443 0x0010 -1 -1
0x02 6 443 32280 0x0010 -1 -1
0x02 6 32281 443 0x0010 -1 -1
0x02 6 443 32281 0x0010 -1 -1
-1 -1 -1 -1 -1 -1 -1
0x02 6 32282 443 0x0010 -1 -1
0x02 6 443 32282 0x0010 -1 -1
0x02 6 32279 443 0x0010 -1 -1
0x02 6 443 32279 0x0010 -1 -1
0x02 6 32256 443 0x0010 -1 -1
0x02 6 32255 443 0x0010 -1 -1
0x02 6 32275 443 0x0010 -1 -1
0x02 6 443 32256 0x0010 -1 -1
0x02 6 443 32255 0x0010 -1 -1
0x02 6 443 32275 0x0010 -1 -1
0x02 6 32254 443 0x0010 -1 -1
0x02 6 443 32254 0x0010 -1 -1
0x02 6 4183 8009 0x0018 -1 -1
0x02 6 8009 4183 0x0010 -1 -1
0x02 6 8009 4183 0x0018 -1 -1
0x02 6 4183 8009 0x0010 -1 -1
0x02 6 32278 443 0x0010 -1 -1
0x02 6 32286 443 0x0010 -1 -1
0x02 6 443 32278 0x0010 -1 -1
0x02 6 443 32286 0x0010 -1 -1
-1 -1 -1 -1 -1 -1 -1
0x00 17 -1 -1 -1 59712 59870
0x00 17 -1 -1 -1 59715 59870
0x00 17 -1 -1 -1 59719 59871
0x00 17 -1 -1 -1 59721 59871
0x00 17 -1 -1 -1 59722 59871
0x00 17 -1 -1 -1 59723 59871
-1 -1 -1 -1 -1 -1 -1
0x00 17 -1 -1 -1 61285 6667
0x02 6 4218 8009 0x0018 -1 -1
0x02 6 8009 4218 0x0018 -1 -1
0x02 6 4218 8009 0x0010 -1 -1
0x02 6 27037 4111 0x0018 -1 -1
0x02 6 4111 27037 0x0010 -1 -1
-1 -1 -1 -1 -1 -1 -1
-1 -1 -1 -1 -1 -1 -1
-1 -1 -1 -1 -1 -1 -1
0x00 17 -1 -1 -1 63804 6667
0x02 6 32257 443 0x0010 -1 -1
0x02 6 32252 443 0x0010 -1 -1
0x02 6 32253 443 0x0010 -1 -1
0x02 6 443 32257 0x0010 -1 -1
0x02 6 443 32252 0x0010 -1 -1
0x02 6 443 32253 0x0010 -1 -1
0x00 17 -1 -1 -1 59724 59870
0x00 17 -1 -1 -1 59725 59870
0x00 17 -1 -1 -1 59727 59871
0x00 17 -1 -1 -1 59729 59871
0x00 17 -1 -1 -1 59730 59871
0x00 17 -1 -1 -1 59731 59871
0x00 17 -1 -1 -1 59732 59870
0x00 17 -1 -1 -1 59733 59870
0x00 17 -1 -1 -1 59736 59871
0x00 17 -1 -1 -1 59737 59871
0x00 17 -1 -1 -1 59738 59871
0x00 17 -1 -1 -1 59739 59871
0x02 6 4183 8009 0x0018 -1 -1
0x02 6 8009 4183 0x0018 -1 -1
0x02 6 4183 8009 0x0010 -1 -1
0x00 17 -1 -1 -1 5353 5353
-1 -1 -1 -1 -1 5353 5353
-1 -1 -1 -1 -1 5353 5353
0x00 17 -1 -1 -1 5353 5353
-1 -1 -1 -1 -1 5353 5353
-1 -1 -1 -1 -1 5353 5353
0x00 17 -1 -1 -1 5353 5353
0x00 17 -1 -1 -1 5353 5353
0x00 17 -1 -1 -1 5353 5353
-1 -1 -1 -1 -1 5353 5353
-1 -1 -1 -1 -1 5353 5353
0x00 17 -1 -1 -1 5353 5353
0x00 17 -1 -1 -1 5353 5353
-1 -1 -1 -1 -1 5353 5353
-1 -1 -1 -1 -1 5353 5353
0x00 17 -1 -1 -1 5353 5353
0x00 17 -1 -1 -1 5353 5353
-1 -1 -1 -1 -1 5353 5353
-1 -1 -1 -1 -1 5353 5353
0x00 17 -1 -1 -1 5353 5353
0x00 17 -1 -1 -1 61285 6667
0x00 17 -1 -1 -1 5353 5353
-1 -1 -1 -1 -1 5353 5353
-1 -1 -1 -1 -1 5353 5353
0x00 17 -1 -1 -1 5353 5353
0x02 6 4218 8009 0x0018 -1 -1
0x02 6 8009 4218 0x0018 -1 -1
0x02 6 4218 8009 0x0010 -1 -1
0x00 17 -1 -1 -1 59740 59870
0x00 17 -1 -1 -1 59741 59870
0x02 6 32249 443 0x0018 -1 -1
0x02 6 443 32249 0x0010 -1 -1
0x02 6 443 32249 0x0018 -1 -1
0x02 6 32249 443 0x0010 -1 -1
0x00 17 -1 -1 -1 5353 5353
-1 -1 -1 -1 -1 5353 5353
0x02 17 -1 -1 -1 5353 5353
-1 -1 -1 -1 -1 5353 5353
0x02 6 4547 443 0x0018 -1 -1
0x02 6 443 4547 0x0010 -1 -1
0x00 17 -1 -1 -1 63804 6667
0x00 17 -1 -1 -1 5353 5353
-1 -1 -1 -1 -1 5353 5353
-1 -1 -1 -1 -1 5353 5353
0x00 17 -1 -1 -1 5353 5353
0x00 17 -1 -1 -1 5353 5353
-1 -1 -1 -1 -1 5353 5353
-1 -1 -1 -1 -1 5353 5353
0x00 17 -1 -1 -1 5353 5353
0x02 6 443 4547 0x0018 -1 -1
0x02 6 4547 443 0x0010 -1 -1
-1 -1 -1 -1 -1 -1 -1
-1 -1 -1 -1 -1 -1 -1
0x02 17 -1 -1 -1 5353 5353
0x02 6 4183 8009 0x0018 -1 -1
0x02 6 8009 4183 0x0018 -1 -1
0x02 6 4183 8009 0x0010 -1 -1
0x00 17 -1 -1 -1 59742 59870
0x00 17 -1 -1 -1 59743 59870
0x02 6 32249 443 0x0018 -1 -1
0x02 6 4153 443 0x0018 -1 -1
0x00 6 443 4153 0x0010 -1 -1
0x02 6 443 32249 0x0018 -1 -1
0x00 17 -1 -1 -1 59744 59870
0x00 17 -1 -1 -1 59745 59870
0x02 6 32249 443 0x0018 -1 -1
0x00 6 443 4153 0x0018 -1 -1
0x02 6 4153 443 0x0010 -1 -1
0x02 6 443 32249 0x0018 -1 -1
0x02 6 32249 443 0x0010 -1 -1
0x02 6 32270 443 0x0010 -1 -1
0x02 6 443 32270 0x0010 -1 -1
0x02 6 32265 443 0x0010 -1 -1
0x02 6 32263 443 0x0010 -1 -1
0x02 6 32266 443 0x0010 -1 -1
0x02 6 32264 443 0x0010 -1 -1
0x02 6 32268 443 0x0010 -1 -1
0x02 6 443 32263 0x0010 -1 -1
0x02 6 443 32266 0x0010 -1 -1
0x02 6 443 32265 0x0010 -1 -1
0x02 6 443 32264 0x0010 -1 -1
0x02 6 443 32268 0x0010 -1 -1
0x02 6 32267 443 0x0010 -1 -1
0x02 6 443 32267 0x0010 -1 -1
0x02 6 32285 443 0x0010 -1 -1
0x00 6 443 32285 0x0010 -1 -1
0x00 17 -1 -1 -1 61285 6667
0x02 6 4218 8009 0x0018 -1 -1
0x02 6 8009 4218 0x0018 -1 -1
0x02 6 4218 8009 0x0010 -1 -1
0x00 17 -1 -1 -1 5353 5353
-1 -1 -1 -1 -1 5353 5353
-1 -1 -1 -1 -1 5353 5353
0x00 17 -1 -1 -1 5353 5353
0x00 17 -1 -1 -1 5353 5353
-1 -1 -1 -1 -1 5353 5353
-1 -1 -1 -1 -1 5353 5353
0x00 17 -1 -1 -1 5353 5353
0x00 17 -1 -1 -1 63804 6667
0x00 17 -1 -1 -1 59746 59870
0x00 17 -1 -1 -1 59747 59870
0x02 6 32249 443 0x0018 -1 -1
0x02 6 443 32249 0x0010 -1 -1
0x02 6 443 32249 0x0018 -1 -1
0x00 17 -1 -1 -1 59749 59871
0x00 17 -1 -1 -1 59751 59871
0x00 17 -1 -1 -1 59752 59871
0x00 17 -1 -1 -1 59753 59871
0x02 6 32249 443 0x0010 -1 -1
0x02 6 4183 8009 0x0018 -1 -1
0x02 6 8009 4183 0x0018 -1 -1
0x02 6 4183 8009 0x0010 -1 -1
0x02 6 32199 443 0x0018 -1 -1
0x02 6 32199 443 0x0011 -1 -1
0x00 17 -1 -1 -1 53874 53
0x00 17 -1 -1 -1 55362 53
0x00 17 -1 -1 -1 53 53874
0x02 6 443 32199 0x0004 -1 -1
0x00 17 -1 -1 -1 53 55362
0x02 6 32315 443 0x0002 -1 -1
0x02 6 443 32315 0x0012 -1 -1
0x02 6 32315 443 0x0010 -1 -1
0x02 6 32315 443 0x0018 -1 -1
0x02 6 443 32315 0x0010 -1 -1
0x02 6 443 32315 0x0010 -1 -1
0x02 6 443 32315 0x0018 -1 -1
0x02 6 32315 443 0x0010 -1 -1
0x02 6 443 32315 0x0018 -1 -1
0x02 6 32315 443 0x0018 -1 -1
0x02 6 32315 443 0x0018 -1 -1
0x02 6 32315 443 0x0018 -1 -1
0x02 6 32315 443 0x0018 -1 -1
0x02 6 32315 443 0x0018 -1 -1
0x02 6 32315 443 0x0018 -1 -1
0x02 6 32315 443 0x0018 -1 -1
0x02 6 32315 443 0x0018 -1 -1
0x02 6 443 32315 0x0010 -1 -1
0x02 6 443 32315 0x0010 -1 -1
0x02 6 443 32315 0x0010 -1 -1
0x02 6 443 32315 0x0018 -1 -1
0x02 6 443 32315 0x0018 -1 -1
0x02 6 32315 443 0x0010 -1 -1
0x02 6 32315 443 0x0018 -1 -1
0x02 6 443 32315 0x0018 -1 -1
0x02 6 32315 443 0x0010 -1 -1
0x02 6 443 32315 0x0010 -1 -1
0x00 17 -1 -1 -1 61285 6667
0x02 6 32289 443 0x0011 -1 -1
0x02 6 443 32315 0x0010 -1 -1
0x02 6 443 32315 0x0018 -1 -1
0x02 6 32315 443 0x0010 -1 -1
0x02 6 32315 443 0x0018 -1 -1
0x02 6 32315 443 0x0018 -1 -1
0x02 6 32315 443 0x0018 -1 -1
0x02 6 443 32315 0x0010 -1 -1
0x02 6 443 32315 0x0018 -1 -1
0x02 6 443 32315 0x0010 -1 -1
0x02 6 443 32315 0x0010 -1 -1
0x02 6 32315 443 0x0010 -1 -1
0x02 6 443 32315 0x0018 -1 -1
0x02 6 32315 443 0x0010 -1 -1
0x02 6 443 32289 0x0011 -1 -1
0x02 6 32289 443 0x0010 -1 -1
0x02 6 4218 8009 0x0018 -1 -1
0x02 6 8009 4218 0x0018 -1 -1
0x02 6 4218 8009 0x0010 -1 -1
0x02 6 443 32315 0x0010 -1 -1
