0x02 6 443 32249 0x0010 -1 -1
0x02 6 443 32249 0x0018 -1 -1
-1 -1 -1 -1 -1 -1 -1
-1 -1 -1 -1 -1 -1 -1
0x02 6 32249 443 0x0010 -1 -1
-1 -1 -1 -1 -1 -1 -1
0x02 6 443 32305 0x0018 -1 -1
0x02 6 32305 443 0x0010 -1 -1
0x02 6 443 32306 0x0018 -1 -1
0x02 6 32306 443 0x0010 -1 -1
0x02 6 443 32305 0x0011 -1 -1
0x02 6 32305 443 0x0010 -1 -1
0x02 6 443 32306 0x0011 -1 -1
0x02 6 32306 443 0x0010 -1 -1
0x00 17 -1 -1 -1 63804 6667
0x02 6 4183 8009 0x0018 -1 -1
0x02 6 8009 4183 0x0010 -1 -1
0x02 6 8009 4183 0x0018 -1 -1
0x02 6 4183 8009 0x0010 -1 -1
0x02 6 443 32259 0x0018 -1 -1
0x02 6 32259 443 0x0011 -1 -1
0x02 6 443 32259 0x0011 -1 -1
0x02 6 32259 443 0x0010 -1 -1
0x02 6 443 32259 0x0010 -1 -1
0x02 6 443 32260 0x0018 -1 -1
0x02 6 32260 443 0x0011 -1 -1
0x02 6 443 32260 0x0011 -1 -1
0x02 6 32260 443 0x0010 -1 -1
0x02 6 443 32260 0x0010 -1 -1
0x00 17 -1 -1 -1 51955 59870
0x00 17 -1 -1 -1 51956 59870
0x02 6 32249 443 0x0018 -1 -1
0x00 17 -1 -1 -1 5353 5353
-1 -1 -1 -1 -1 5353 5353
0x00 17 -1 -1 -1 5353 5353
-1 -1 -1 -1 -1 5353 5353
-1 -1 -1 -1 -1 5353 5353
-1 -1 -1 -1 -1 5353 5353
0x00 17 -1 -1 -1 5353 5353
0x00 17 -1 -1 -1 5353 5353
0x00 17 -1 -1 -1 5353 5353
-1 -1 -1 -1 -1 5353 5353
0x00 17 -1 -1 -1 5353 5353
-1 -1 -1 -1 -1 5353 5353
-1 -1 -1 -1 -1 5353 5353
-1 -1 -1 -1 -1 5353 5353
0x00 17 -1 -1 -1 5353 5353
0x00 17 -1 -1 -1 5353 5353
0x02 6 443 32249 0x0018 -1 -1
0x00 17 -1 -1 -1 51957 59870
0x00 17 -1 -1 -1 51958 59870
0x02 6 32249 443 0x0018 -1 -1
0x02 6 443 32249 0x0018 -1 -1
0x02 6 32249 443 0x0010 -1 -1
0x02 17 -1 -1 -1 5353 5353
0x00 17 -1 -1 -1 5353 5353
-1 -1 -1 -1 -1 5353 5353
-1 -1 -1 -1 -1 5353 5353
0x00 17 -1 -1 -1 5353 5353
0x00 17 -1 -1 -1 61285 6667
0x00 17 -1 -1 -1 5353 5353
-1 -1 -1 -1 -1 5353 5353
-1 -1 -1 -1 -1 5353 5353
0x00 17 -1 -1 -1 5353 5353
0x02 6 4218 8009 0x0018 -1 -1
0x02 6 8009 4218 0x0018 -1 -1
0x02 6 4218 8009 0x0010 -1 -1
0x02 6 27037 4111 0x0018 -1 -1
0x02 6 4111 27037 0x0010 -1 -1
0x02 6 4547 443 0x0018 -1 -1
0x02 6 443 4547 0x0010 -1 -1
0x02 6 443 4547 0x0018 -1 -1
0x02 6 4547 443 0x0010 -1 -1
0x02 6 4153 443 0x0018 -1 -1
0x00 6 443 4153 0x0010 -1 -1
0x00 17 -1 -1 -1 63804 6667
0x00 17 -1 -1 -1 5353 5353
-1 -1 -1 -1 -1 5353 5353
-1 -1 -1 -1 -1 5353 5353
0x00 17 -1 -1 -1 5353 5353
0x00 6 443 4153 0x0018 -1 -1
0x00 17 -1 -1 -1 5353 5353
-1 -1 -1 -1 -1 5353 5353
-1 -1 -1 -1 -1 5353 5353
0x00 17 -1 -1 -1 5353 5353
0x02 6 4153 443 0x0010 -1 -1
0x00 17 -1 -1 -1 51959 59870
0x00 17 -1 -1 -1 51960 59870
0x02 6 32249 443 0x0018 -1 -1
0x02 6 4183 8009 0x0018 -1 -1
0x02 6 443 32249 0x0018 -1 -1
0x02 6 32249 443 0x0010 -1 -1
0x02 6 32293 443 0x0010 -1 -1
0x02 6 32294 443 0x0010 -1 -1
0x02 6 32297 443 0x0010 -1 -1
0x02 6 32296 443 0x0010 -1 -1
0x02 6 32295 443 0x0010 -1 -1
0x02 6 443 32293 0x0010 -1 -1
0x02 6 443 32294 0x0010 -1 -1
0x02 6 443 32296 0x0010 -1 -1
0x02 6 443 32297 0x0010 -1 -1
0x02 6 443 32295 0x0010 -1 -1
0x02 6 4183 8009 0x0018 -1 -1
0x02 6 8009 4183 0x0010 -1 -1
0x02 6 8009 4183 0x0018 -1 -1
0x02 6 4183 8009 0x0010 -1 -1
0x00 17 -1 -1 -1 61285 6667
0x02 6 4218 8009 0x0018 -1 -1
0x02 6 8009 4218 0x0018 -1 -1
0x02 6 4218 8009 0x0010 -1 -1
0x00 17 -1 -1 -1 51961 59870
0x00 17 -1 -1 -1 51962 59870
0x02 6 32249 443 0x0018 -1 -1
0x02 6 443 32249 0x0018 -1 -1
0x00 17 -1 -1 -1 51963 59870
0x00 17 -1 -1 -1 51964 59870
0x02 6 32249 443 0x0018 -1 -1
0x02 6 443 32249 0x0010 -1 -1
0x00 17 -1 -1 -1 5353 5353
-1 -1 -1 -1 -1 5353 5353
-1 -1 -1 -1 -1 5353 5353
0x00 17 -1 -1 -1 5353 5353
0x00 17 -1 -1 -1 54354 53
0x00 17 -1 -1 -1 59948 53
0x00 17 -1 -1 -1 53 54354
0x00 17 -1 -1 -1 53 59948
0x02 17 -1 -1 -1 65171 443
0x02 17 -1 -1 -1 65171 443
0x02 17 -1 -1 -1 443 65171
0x02 17 -1 -1 -1 443 65171
0x02 17 -1 -1 -1 443 65171
0x02 17 -1 -1 -1 65171 443
0x02 17 -1 -1 -1 65171 443
0x02 17 -1 -1 -1 65171 443
0x02 17 -1 -1 -1 443 65171
0x02 17 -1 -1 -1 443 65171
0x02 17 -1 -1 -1 65171 443
0x00 17 -1 -1 -1 5353 5353
-1 -1 -1 -1 -1 5353 5353
-1 -1 -1 -1 -1 5353 5353
0x00 17 -1 -1 -1 5353 5353
0x02 17 -1 -1 -1 443 65171
0x02 17 -1 -1 -1 65171 443
0x02 17 -1 -1 -1 65171 443
0x02 17 -1 -1 -1 65171 443
0x02 17 -1 -1 -1 443 65171
0x02 17 -1 -1 -1 443 65171
0x02 17 -1 -1 -1 65171 443
0x02 17 -1 -1 -1 443 65171
0x02 6 443 32249 0x0018 -1 -1
0x00 17 -1 -1 -1 65173 59871
0x00 17 -1 -1 -1 65175 59871
0x00 17 -1 -1 -1 65176 59871
0x00 17 -1 -1 -1 65177 59871
0x02 6 32249 443 0x0010 -1 -1
0x00 17 -1 -1 -1 63804 6667
0x00 17 -1 -1 -1 61656 53
0x00 17 -1 -1 -1 55761 53
0x00 17 -1 -1 -1 53 61656
0x00 17 -1 -1 -1 53 55761
0x02 6 32309 443 0x0002 -1 -1
0x00 17 -1 -1 -1 5353 5353
0x02 6 443 32309 0x0012 -1 -1
0x02 6 32309 443 0x0010 -1 -1
-1 -1 -1 -1 -1 5353 5353
0x02 6 32309 443 0x0018 -1 -1
0x02 6 32280 443 0x0010 -1 -1
0x02 6 443 32280 0x0010 -1 -1
0x02 6 443 32309 0x0018 -1 -1
0x02 6 443 32309 0x0018 -1 -1
0x02 6 32309 443 0x0010 -1 -1
0x02 6 443 32309 0x0018 -1 -1
0x02 6 443 32309 0x0018 -1 -1
0x02 6 32309 443 0x0010 -1 -1
0x02 6 32309 443 0x0018 -1 -1
0x02 6 32281 443 0x0010 -1 -1
0x02 6 443 32281 0x0010 -1 -1
0x02 6 4183 8009 0x0018 -1 -1
0x02 6 32282 443 0x0010 -1 -1
0x02 6 443 32282 0x0010 -1 -1
0x02 6 443 32309 0x0010 -1 -1
0x02 6 443 32309 0x0018 -1 -1
0x02 6 443 32309 0x0018 -1 -1
0x02 6 32309 443 0x0010 -1 -1
0x02 6 32309 443 0x0018 -1 -1
0x02 6 32309 443 0x0018 -1 -1
0x02 6 8009 4183 0x0018 -1 -1
0x02 6 4183 8009 0x0010 -1 -1
0x02 6 443 32309 0x0010 -1 -1
0x02 6 443 32309 0x0010 -1 -1
0x02 6 443 32309 0x0018 -1 -1
0x02 6 32309 443 0x0018 -1 -1
0x02 6 32309 443 0x0011 -1 -1
0x02 6 443 32309 0x0011 -1 -1
0x02 6 32309 443 0x0010 -1 -1
0x02 6 32279 443 0x0010 -1 -1
0x02 6 443 32279 0x0010 -1 -1
0x02 6 32277 443 0x0010 -1 -1
0x02 6 32256 443 0x0010 -1 -1
0x02 6 32255 443 0x0010 -1 -1
0x02 6 32275 443 0x0010 -1 -1
0x02 6 443 32277 0x0010 -1 -1
0x02 6 443 32256 0x0010 -1 -1
0x02 6 443 32255 0x0010 -1 -1
0x02 6 443 32275 0x0010 -1 -1
0x02 6 443 32309 0x0011 -1 -1
0x02 6 443 32309 0x0010 -1 -1
0x02 6 32254 443 0x0010 -1 -1
0x02 6 443 32254 0x0010 -1 -1
0x02 6 32278 443 0x0010 -1 -1
0x02 6 32286 443 0x0010 -1 -1
0x02 6 443 32278 0x0010 -1 -1
0x02 6 443 32286 0x0010 -1 -1
0x00 17 -1 -1 -1 65178 59870
0x00 17 -1 -1 -1 65180 59870
0x00 17 -1 -1 -1 65182 59871
0x00 17 -1 -1 -1 65183 59871
0x00 17 -1 -1 -1 65184 59871
0x00 17 -1 -1 -1 65185 59871
0x00 17 -1 -1 -1 64199 53
0x00 17 -1 -1 -1 51783 53
0x00 17 -1 -1 -1 53 64199
0x00 17 -1 -1 -1 53 51783
0x02 17 -1 -1 -1 58371 443
0x02 17 -1 -1 -1 443 58371
0x02 17 -1 -1 -1 58371 443
0x02 17 -1 -1 -1 58371 443
0x02 17 -1 -1 -1 58371 443
0x02 17 -1 -1 -1 58371 443
0x02 17 -1 -1 -1 58371 443
0x02 17 -1 -1 -1 58371 443
0x02 17 -1 -1 -1 58371 443
0x02 17 -1 -1 -1 58371 443
0x02 17 -1 -1 -1 58371 443
0x02 17 -1 -1 -1 58371 443
0x02 17 -1 -1 -1 443 58371
0x02 17 -1 -1 -1 443 58371
0x02 17 -1 -1 -1 58371 443
0x02 17 -1 -1 -1 443 58371
0x02 17 -1 -1 -1 443 58371
0x02 17 -1 -1 -1 443 58371
0x02 17 -1 -1 -1 443 58371
0x02 17 -1 -1 -1 443 58371
0x02 17 -1 -1 -1 58371 443
0x02 17 -1 -1 -1 443 58371
0x02 17 -1 -1 -1 58371 443
0x02 17 -1 -1 -1 443 58371
0x00 17 -1 -1 -1 61285 6667
0x00 17 -1 -1 -1 59636 53
0x00 17 -1 -1 -1 55256 53
0x00 17 -1 -1 -1 53 59636
0x00 17 -1 -1 -1 53 55256
0x02 6 32310 443 0x0002 -1 -1
0x00 17 -1 -1 -1 63760 1900
0x02 17 -1 -1 -1 59573 63760
0x02 6 32311 8008 0x0002 -1 -1
0x02 6 8008 32311 0x0012 -1 -1
0x02 6 32311 8008 0x0010 -1 -1
0x02 6 32311 8008 0x0018 -1 -1
0x02 6 8008 32311 0x0010 -1 -1
0x02 6 8008 32311 0x0018 -1 -1
0x02 6 443 32310 0x0012 -1 -1
0x02 6 32310 443 0x0010 -1 -1
0x02 6 32310 443 0x0018 -1 -1
0x02 6 32311 8008 0x0010 -1 -1
0x02 6 32311 8008 0x0011 -1 -1
0x02 6 4218 8009 0x0018 -1 -1
0x02 6 8009 4218 0x0018 -1 -1
0x02 6 4218 8009 0x0010 -1 -1
0x02 6 8008 32311 0x0011 -1 -1
0x02 6 32311 8008 0x0010 -1 -1
0x02 6 443 32310 0x0010 -1 -1
0x02 6 443 32310 0x0010 -1 -1
0x02 6 443 32310 0x0010 -1 -1
0x02 6 443 32310 0x0010 -1 -1
0x02 6 32310 443 0x0010 -1 -1
0x02 6 443 32310 0x0010 -1 -1
0x02 6 443 32310 0x0018 -1 -1
0x02 6 32310 443 0x0010 -1 -1
0x02 6 32310 443 0x0018 -1 -1
0x02 6 443 32310 0x0010 -1 -1
0x02 6 443 32310 0x0018 -1 -1
0x02 6 443 32310 0x0018 -1 -1
0x02 6 32310 443 0x0010 -1 -1
0x02 6 32310 443 0x0018 -1 -1
0x02 6 32310 443 0x0018 -1 -1
0x02 6 32310 443 0x0018 -1 -1
0x02 6 32310 443 0x0018 -1 -1
0x02 6 443 32310 0x0010 -1 -1
0x02 6 443 32310 0x0018 -1 -1
0x02 6 443 32310 0x0010 -1 -1
0x02 6 443 32310 0x0018 -1 -1
0x02 6 32310 443 0x0010 -1 -1
0x02 6 443 32310 0x0018 -1 -1
0x02 6 32310 443 0x0011 -1 -1
0x02 6 443 32310 0x0011 -1 -1
0x02 6 32310 443 0x0010 -1 -1
-1 -1 -1 -1 -1 -1 -1
-1 -1 -1 -1 -1 -1 -1
0x02 17 -1 -1 -1 5353 5353
0x02 17 -1 -1 -1 5353 5353
-1 -1 -1 -1 -1 5353 5353
-1 -1 -1 -1 -1 5353 5353
0x02 17 -1 -1 -1 5353 5353
-1 -1 -1 -1 -1 5353 5353
0x00 17 -1 -1 -1 63804 6667
0x00 17 -1 -1 -1 58410 59870
0x00 17 -1 -1 -1 58411 59870
0x00 17 -1 -1 -1 58414 59871
0x00 17 -1 -1 -1 58415 59871
0x00 17 -1 -1 -1 58416 59871
0x00 17 -1 -1 -1 58417 59871
0x00 17 -1 -1 -1 58418 59870
0x00 17 -1 -1 -1 58419 59870
0x00 17 -1 -1 -1 58422 59871
0x00 17 -1 -1 -1 58423 59871
0x00 17 -1 -1 -1 58424 59871
0x00 17 -1 -1 -1 58425 59871
0x02 6 32257 443 0x0010 -1 -1
0x02 6 32252 443 0x0010 -1 -1
0x02 6 32253 443 0x0010 -1 -1
0x02 6 443 32257 0x0010 -1 -1
0x02 6 443 32252 0x0010 -1 -1
0x02 6 443 32253 0x0010 -1 -1
0x02 6 443 32287 0x0014 -1 -1
0x02 6 4183 8009 0x0018 -1 -1
0x02 6 8009 4183 0x0018 -1 -1
0x02 6 4183 8009 0x0010 -1 -1
0x00 17 -1 -1 -1 5353 5353
-1 -1 -1 -1 -1 5353 5353
-1 -1 -1 -1 -1 5353 5353
0x00 17 -1 -1 -1 5353 5353
0x00 17 -1 -1 -1 5353 5353
-1 -1 -1 -1 -1 5353 5353
-1 -1 -1 -1 -1 5353 5353
0x00 17 -1 -1 -1 5353 5353
0x00 17 -1 -1 -1 5353 5353
-1 -1 -1 -1 -1 5353 5353
-1 -1 -1 -1 -1 5353 5353
0x00 17 -1 -1 -1 5353 5353
0x00 17 -1 -1 -1 61285 6667
0x00 17 -1 -1 -1 5353 5353
-1 -1 -1 -1 -1 5353 5353
-1 -1 -1 -1 -1 5353 5353
0x00 17 -1 -1 -1 5353 5353
0x02 6 4218 8009 0x0018 -1 -1
0x02 6 8009 4218 0x0018 -1 -1
0x02 6 4218 8009 0x0010 -1 -1
0x00 17 -1 -1 -1 58426 59870
0x00 17 -1 -1 -1 58428 59870
0x00 17 -1 -1 -1 58429 59871
0x00 17 -1 -1 -1 58431 59871
0x00 17 -1 -1 -1 58432 59871
0x00 17 -1 -1 -1 58433 59871
0x00 17 -1 -1 -1 63804 6667
0x00 17 -1 -1 -1 57621 57621
0x00 17 -1 -1 -1 5353 5353
-1 -1 -1 -1 -1 5353 5353
-1 -1 -1 -1 -1 5353 5353
0x00 17 -1 -1 -1 5353 5353
0x00 17 -1 -1 -1 5353 5353
-1 -1 -1 -1 -1 5353 5353
-1 -1 -1 -1 -1 5353 5353
0x00 17 -1 -1 -1 5353 5353
0x02 6 4111 27037 0x0018 -1 -1
0x02 6 27037 4111 0x0010 -1 -1
0x02 6 4183 8009 0x0018 -1 -1
0x02 6 8009 4183 0x0018 -1 -1
0x02 6 4183 8009 0x0010 -1 -1
0x00 17 -1 -1 -1 58434 59870
0x00 17 -1 -1 -1 58435 59870
0x02 6 32249 443 0x0018 -1 -1
0x02 6 443 32249 0x0010 -1 -1
0x02 6 443 32249 0x0018 -1 -1
0x00 17 -1 -1 -1 58436 59870
0x00 17 -1 -1 -1 58437 59870
0x02 6 32249 443 0x0018 -1 -1
0x02 6 443 32249 0x0018 -1 -1
0x02 6 32249 443 0x0010 -1 -1
0x02 6 27037 4111 0x0018 -1 -1
0x02 6 4111 27037 0x0010 -1 -1
0x02 6 32270 443 0x0010 -1 -1
0x02 6 443 32270 0x0010 -1 -1
0x02 6 32266 443 0x0010 -1 -1
0x02 6 32263 443 0x0010 -1 -1
0x02 6 32264 443 0x0010 -1 -1
0x02 6 32265 443 0x0010 -1 -1
0x02 6 32268 443 0x0010 -1 -1
0x02 6 443 32263 0x0010 -1 -1
0x02 6 443 32266 0x0010 -1 -1
0x02 6 443 32265 0x0010 -1 -1
0x02 6 443 32264 0x0010 -1 -1
0x02 6 443 32268 0x0010 -1 -1
0x02 6 32267 443 0x0010 -1 -1
0x02 6 443 32267 0x0010 -1 -1
0x02 6 4170 443 0x0018 -1 -1
0x00 6 443 4170 0x0010 -1 -1
0x02 6 32285 443 0x0010 -1 -1
0x00 6 443 32285 0x0010 -1 -1
0x00 6 443 4170 0x0018 -1 -1
0x00 17 -1 -1 -1 61285 6667
0x02 6 4170 443 0x0010 -1 -1
0x02 6 4218 8009 0x0018 -1 -1
0x02 6 8009 4218 0x0018 -1 -1
0x02 6 4218 8009 0x0010 -1 -1
0x00 17 -1 -1 -1 57983 53
0x00 17 -1 -1 -1 64173 53
0x00 17 -1 -1 -1 53 57983
0x00 17 -1 -1 -1 53 64173
0x02 6 32312 443 0x0002 -1 -1
0x02 6 443 32312 0x0012 -1 -1
0x02 6 32312 443 0x0010 -1 -1
0x02 6 32312 443 0x0018 -1 -1
0x02 6 443 32312 0x0010 -1 -1
0x02 6 443 32312 0x0010 -1 -1
0x02 6 443 32312 0x0018 -1 -1
0x02 6 32312 443 0x0010 -1 -1
0x02 6 443 32312 0x0018 -1 -1
0x02 6 32312 443 0x0018 -1 -1
0x02 6 443 32312 0x0010 -1 -1
0x02 6 443 32312 0x0018 -1 -1
0x02 6 32312 443 0x0018 -1 -1
0x02 6 32312 443 0x0018 -1 -1
0x02 6 443 32312 0x0010 -1 -1
0x02 6 443 32312 0x0010 -1 -1
0x00 17 -1 -1 -1 5353 5353
-1 -1 -1 -1 -1 5353 5353
-1 -1 -1 -1 -1 5353 5353
0x00 17 -1 -1 -1 5353 5353
0x02 6 443 32312 0x0018 -1 -1
0x02 6 443 32312 0x0018 -1 -1
0x02 6 32312 443 0x0010 -1 -1
0x02 6 443 32312 0x0018 -1 -1
0x02 6 32312 443 0x0018 -1 -1
0x02 6 32312 443 0x0011 -1 -1
0x02 6 443 32312 0x0018 -1 -1
0x02 6 32312 443 0x0014 -1 -1
0x02 6 443 32312 0x0010 -1 -1
0x02 6 443 32312 0x0018 -1 -1
0x00 17 -1 -1 -1 5353 5353
-1 -1 -1 -1 -1 5353 5353
-1 -1 -1 -1 -1 5353 5353
0x00 17 -1 -1 -1 5353 5353
0x00 17 -1 -1 -1 58438 59870
0x00 17 -1 -1 -1 58439 59870
0x02 6 32249 443 0x0018 -1 -1
0x00 17 -1 -1 -1 63804 6667
0x02 6 443 32249 0x0010 -1 -1
0x02 6 443 32249 0x0018 -1 -1
0x00 17 -1 -1 -1 58441 59871
0x00 17 -1 -1 -1 58443 59871
0x00 17 -1 -1 -1 58444 59871
0x00 17 -1 -1 -1 58445 59871
0x02 6 32249 443 0x0010 -1 -1
0x02 6 4183 8009 0x0018 -1 -1
0x02 6 8009 4183 0x0018 -1 -1
0x02 6 4183 8009 0x0010 -1 -1
0x00 17 -1 -1 -1 61285 6667
0x02 6 4218 8009 0x0018 -1 -1
0x02 6 8009 4218 0x0018 -1 -1
0x02 6 4218 8009 0x0010 -1 -1
0x00 17 -1 -1 -1 58446 59870
0x00 17 -1 -1 -1 58447 59870
0x00 17 -1 -1 -1 58449 59871
0x00 17 -1 -1 -1 58451 59871
0x00 17 -1 -1 -1 58452 59871
0x00 17 -1 -1 -1 58453 59871
0x00 17 -1 -1 -1 58454 59870
0x00 17 -1 -1 -1 58455 59870
0x00 17 -1 -1 -1 58458 59871
0x00 17 -1 -1 -1 58459 59871
0x00 17 -1 -1 -1 58460 59871
0x00 17 -1 -1 -1 58461 59871
0x02 17 -1 -1 -1 59612 443
0x02 17 -1 -1 -1 59612 443
0x02 17 -1 -1 -1 443 59612
0x02 17 -1 -1 -1 443 59612
0x02 17 -1 -1 -1 443 59612
0x02 17 -1 -1 -1 59612 443
0x02 17 -1 -1 -1 59612 443
0x02 17 -1 -1 -1 443 59612
0x02 17 -1 -1 -1 59612 443
-1 -1 -1 -1 -1 -1 -1
-1 -1 -1 -1 -1 -1 -1
-1 -1 -1 -1 -1 -1 -1
0x00 17 -1 -1 -1 63804 6667
0x02 6 4183 8009 0x0018 -1 -1
0x02 6 8009 4183 0x0018 -1 -1
0x02 6 32258 443 0x0010 -1 -1
0x02 6 443 32258 0x0010 -1 -1
0x02 6 4183 8009 0x0010 -1 -1
0x00 17 -1 -1 -1 59613 59870
0x00 17 -1 -1 -1 59614 59870
0x00 17 -1 -1 -1 59617 59871
0x00 17 -1 -1 -1 59618 59871
0x00 17 -1 -1 -1 59619 59871
0x00 17 -1 -1 -1 59620 59871
0x00 17 -1 -1 -1 5353 5353
-1 -1 -1 -1 -1 5353 5353
0x00 17 -1 -1 -1 5353 5353
-1 -1 -1 -1 -1 5353 5353
-1 -1 -1 -1 -1 5353 5353
-1 -1 -1 -1 -1 5353 5353
0x00 17 -1 -1 -1 5353 5353
0x00 17 -1 -1 -1 5353 5353
0x02 6 32292 443 0x0010 -1 -1
0x02 6 443 32292 0x0010 -1 -1
0x00 17 -1 -1 -1 5353 5353
-1 -1 -1 -1 -1 5353 5353
-1 -1 -1 -1 -1 5353 5353
0x00 17 -1 -1 -1 5353 5353
0x00 17 -1 -1 -1 5353 5353
-1 -1 -1 -1 -1 5353 5353
-1 -1 -1 -1 -1 5353 5353
0x00 17 -1 -1 -1 5353 5353
0x00 17 -1 -1 -1 61285 6667
0x00 17 -1 -1 -1 5353 5353
-1 -1 -1 -1 -1 5353 5353
-1 -1 -1 -1 -1 5353 5353
0x00 17 -1 -1 -1 5353 5353
0x02 6 4218 8009 0x0018 -1 -1
0x02 6 8009 4218 0x0018 -1 -1
0x02 6 4218 8009 0x0010 -1 -1
0x02 17 -1 -1 -1 9487 9478
0x00 17 -1 -1 -1 59621 59870
0x00 17 -1 -1 -1 59622 59870
0x00 17 -1 -1 -1 59624 59871
0x00 17 -1 -1 -1 59626 59871
0x00 17 -1 -1 -1 59627 59871
0x00 17 -1 -1 -1 59628 59870
0x00 17 -1 -1 -1 59629 59871
0x00 17 -1 -1 -1 59630 59870
0x00 17 -1 -1 -1 59633 59871
0x00 17 -1 -1 -1 59634 59871
0x00 17 -1 -1 -1 59635 59871
0x00 17 -1 -1 -1 59637 59871
0x02 6 4547 443 0x0018 -1 -1
0x02 6 443 4547 0x0010 -1 -1
0x02 6 443 4547 0x0018 -1 -1
0x00 17 -1 -1 -1 63804 6667
0x02 6 4547 443 0x0010 -1 -1
0x00 17 -1 -1 -1 5353 5353
-1 -1 -1 -1 -1 5353 5353
-1 -1 -1 -1 -1 5353 5353
0x00 17 -1 -1 -1 5353 5353
0x00 17 -1 -1 -1 5353 5353
-1 -1 -1 -1 -1 5353 5353
-1 -1 -1 -1 -1 5353 5353
0x00 17 -1 -1 -1 5353 5353
0x02 6 4297 443 0x0018 -1 -1
0x02 6 443 4297 0x0018 -1 -1
0x02 6 4300 443 0x0018 -1 -1
0x02 6 4297 443 0x0010 -1 -1
0x02 6 443 4300 0x0018 -1 -1
0x02 6 32232 8008 0x0010 -1 -1
0x02 6 8008 32232 0x0010 -1 -1
0x02 6 4300 443 0x0010 -1 -1
0x02 6 27037 4111 0x0018 -1 -1
0x02 6 4111 27037 0x0010 -1 -1
0x02 6 4153 443 0x0018 -1 -1
0x00 6 443 4153 0x0010 -1 -1
0x00 6 443 4153 0x0018 -1 -1
0x02 6 4153 443 0x0010 -1 -1
0x02 6 4183 8009 0x0018 -1 -1
0x02 6 8009 4183 0x0018 -1 -1
0x02 6 4183 8009 0x0010 -1 -1
0x02 6 32274 443 0x0010 -1 -1
0x02 6 32273 443 0x0010 -1 -1
0x02 6 32272 443 0x0010 -1 -1
0x02 6 32276 443 0x0010 -1 -1
0x02 6 443 32274 0x0010 -1 -1
0x02 6 32271 443 0x0010 -1 -1
0x02 6 443 32273 0x0010 -1 -1
0x02 6 443 32272 0x0010 -1 -1
0x02 6 443 32276 0x0010 -1 -1
0x02 6 443 32271 0x0010 -1 -1
0x02 6 32251 443 0x0010 -1 -1
0x02 6 443 32251 0x0010 -1 -1
0x02 6 32308 443 0x0010 -1 -1
0x02 6 443 32308 0x0010 -1 -1
0x00 17 -1 -1 -1 59638 59870
0x00 17 -1 -1 -1 59639 59870
0x02 6 32249 443 0x0018 -1 -1
0x02 6 27037 4111 0x0018 -1 -1
0x02 6 4111 27037 0x0010 -1 -1
0x02 6 443 32249 0x0010 -1 -1
0x02 6 443 32249 0x0018 -1 -1
0x02 6 32249 443 0x0010 -1 -1
0x00 17 -1 -1 -1 61285 6667
0x02 6 32299 443 0x0011 -1 -1
0x02 6 443 32299 0x0011 -1 -1
0x02 6 32299 443 0x0010 -1 -1
0x02 6 4218 8009 0x0018 -1 -1
0x02 6 8009 4218 0x0018 -1 -1
0x02 6 4218 8009 0x0010 -1 -1
0x02 6 27037 4111 0x0018 -1 -1
0x02 6 4111 27037 0x0010 -1 -1
0x02 6 27037 4111 0x0018 -1 -1
0x02 6 4111 27037 0x0010 -1 -1
0x00 17 -1 -1 -1 5353 5353
-1 -1 -1 -1 -1 5353 5353
-1 -1 -1 -1 -1 5353 5353
0x00 17 -1 -1 -1 5353 5353
0x00 17 -1 -1 -1 5353 5353
-1 -1 -1 -1 -1 5353 5353
-1 -1 -1 -1 -1 5353 5353
0x00 17 -1 -1 -1 5353 5353
0x02 17 -1 -1 -1 9999 9999
0x00 17 -1 -1 -1 63804 6667
-1 -1 -1 -1 -1 -1 -1
-1 -1 -1 -1 -1 -1 -1
0x00 17 -1 -1 -1 59640 59870
0x00 17 -1 -1 -1 59641 59870
0x02 6 32249 443 0x0018 -1 -1
0x02 6 443 32249 0x0018 -1 -1
0x00 17 -1 -1 -1 59642 59870
0x00 17 -1 -1 -1 59643 59870
0x02 6 32249 443 0x0018 -1 -1
0x02 6 443 32277 0x0018 -1 -1
0x02 6 32277 443 0x0011 -1 -1
0x02 6 443 32277 0x0011 -1 -1
0x02 6 32277 443 0x0010 -1 -1
0x02 6 443 32277 0x0010 -1 -1
0x02 6 443 32249 0x0018 -1 -1
0x02 6 32249 443 0x0010 -1 -1
0x02 6 4183 8009 0x0018 -1 -1
0x02 6 8009 4183 0x0018 -1 -1
0x02 6 4183 8009 0x0010 -1 -1
0x00 17 -1 -1 -1 61285 6667
0x02 6 4218 8009 0x0018 -1 -1
0x02 6 8009 4218 0x0018 -1 -1
0x02 6 4218 8009 0x0010 -1 -1
0x02 6 27037 4111 0x0018 -1 -1
0x02 6 4111 27037 0x0010 -1 -1
-1 -1 -1 -1 -1 -1 -1
-1 -1 -1 -1 -1 -1 -1
0x00 17 -1 -1 -1 59644 59870
0x00 17 -1 -1 -1 59645 59870
0x02 6 32249 443 0x0018 -1 -1
0x02 6 443 32249 0x0018 -1 -1
0x02 6 32249 443 0x0010 -1 -1
0x00 17 -1 -1 -1 63804 6667
0x02 6 4183 8009 0x0018 -1 -1
0x02 6 8009 4183 0x0018 -1 -1
0x02 6 4183 8009 0x0010 -1 -1
0x02 6 4136 4070 0x0018 -1 -1
0x00 17 -1 -1 -1 5353 5353
-1 -1 -1 -1 -1 5353 5353
-1 -1 -1 -1 -1 5353 5353
0x00 17 -1 -1 -1 5353 5353
-1 -1 -1 -1 -1 5353 5353
-1 -1 -1 -1 -1 5353 5353
0x00 17 -1 -1 -1 5353 5353
0x00 17 -1 -1 -1 5353 5353
0x00 17 -1 -1 -1 5353 5353
-1 -1 -1 -1 -1 5353 5353
0x00 17 -1 -1 -1 5353 5353
-1 -1 -1 -1 -1 5353 5353
-1 -1 -1 -1 -1 5353 5353
-1 -1 -1 -1 -1 5353 5353
0x00 17 -1 -1 -1 5353 5353
0x00 17 -1 -1 -1 5353 5353
0x02 6 4070 4136 0x0018 -1 -1
0x02 6 4136 4070 0x0010 -1 -1
0x00 17 -1 -1 -1 59684 59870
0x00 17 -1 -1 -1 59685 59870
0x02 6 32249 443 0x0018 -1 -1
0x02 6 443 32249 0x0018 -1 -1
0x00 17 -1 -1 -1 59686 59870
0x00 17 -1 -1 -1 59687 59870
0x02 6 32249 443 0x0018 -1 -1
0x02 6 4111 27037 0x0018 -1 -1
0x02 6 443 32249 0x0018 -1 -1
0x02 6 27037 4111 0x0010 -1 -1
0x02 6 32249 443 0x0010 -1 -1
0x00 17 -1 -1 -1 5353 5353
-1 -1 -1 -1 -1 5353 5353
-1 -1 -1 -1 -1 5353 5353
0x00 17 -1 -1 -1 5353 5353
0x00 17 -1 -1 -1 61285 6667
0x00 17 -1 -1 -1 5353 5353
-1 -1 -1 -1 -1 5353 5353
-1 -1 -1 -1 -1 5353 5353
0x00 17 -1 -1 -1 5353 5353
0x02 6 4218 8009 0x0018 -1 -1
0x02 6 8009 4218 0x0018 -1 -1
0x02 6 4218 8009 0x0010 -1 -1
0x02 6 27037 4111 0x0018 -1 -1
0x02 6 4111 27037 0x0010 -1 -1
0x00 17 -1 -1 -1 63804 6667
0x00 17 -1 -1 -1 57621 57621
0x00 17 -1 -1 -1 5353 5353
-1 -1 -1 -1 -1 5353 5353
-1 -1 -1 -1 -1 5353 5353
0x00 17 -1 -1 -1 5353 5353
0x00 17 -1 -1 -1 5353 5353
-1 -1 -1 -1 -1 5353 5353
-1 -1 -1 -1 -1 5353 5353
0x00 17 -1 -1 -1 5353 5353
0x02 6 32293 443 0x0010 -1 -1
0x02 6 32294 443 0x0010 -1 -1
0x02 6 32297 443 0x0010 -1 -1
0x02 6 32296 443 0x0010 -1 -1
0x02 6 32295 443 0x0010 -1 -1
0x02 6 443 32293 0x0010 -1 -1
0x02 6 443 32294 0x0010 -1 -1
0x02 6 443 32296 0x0010 -1 -1
0x02 6 443 32297 0x0010 -1 -1
0x02 6 443 32295 0x0010 -1 -1
0x00 17 -1 -1 -1 59688 59870
0x00 17 -1 -1 -1 59689 59870
0x02 6 32249 443 0x0018 -1 -1
0x02 6 443 32249 0x0010 -1 -1
0x02 6 4183 8009 0x0018 -1 -1
0x02 6 8009 4183 0x0018 -1 -1
0x02 6 4183 8009 0x0010 -1 -1
0x02 6 4183 8009 0x0018 -1 -1
0x02 6 8009 4183 0x0018 -1 -1
0x02 6 8009 4183 0x0010 -1 -1
0x02 6 4183 8009 0x0010 -1 -1
0x02 6 443 32249 0x0018 -1 -1
0x00 17 -1 -1 -1 59691 59871
0x00 17 -1 -1 -1 59693 59871
0x00 17 -1 -1 -1 59694 59871
0x00 17 -1 -1 -1 59695 59871
0x02 6 32249 443 0x0010 -1 -1
-1 -1 -1 -1 -1 -1 -1
0x02 6 4170 443 0x0018 -1 -1
0x00 6 443 4170 0x0010 -1 -1
0x00 17 -1 -1 -1 61285 6667
0x00 6 443 4170 0x0018 -1 -1
0x02 6 4170 443 0x0010 -1 -1
0x02 6 4218 8009 0x0018 -1 -1
0x02 6 8009 4218 0x0018 -1 -1
0x02 6 4218 8009 0x0010 -1 -1
0x02 6 27037 4111 0x0018 -1 -1
0x02 6 4111 27037 0x0010 -1 -1
-1 -1 -1 -1 -1 -1 -1
0x00 17 -1 -1 -1 5353 5353
-1 -1 -1 -1 -1 5353 5353
-1 -1 -1 -1 -1 5353 5353
0x00 17 -1 -1 -1 5353 5353
0x00 17 -1 -1 -1 5353 5353
-1 -1 -1 -1 -1 5353 5353
-1 -1 -1 -1 -1 5353 5353
0x00 17 -1 -1 -1 5353 5353
0x02 17 -1 -1 -1 5353 5353
0x02 17 -1 -1 -1 5353 5353
-1 -1 -1 -1 -1 5353 5353
-1 -1 -1 -1 -1 5353 5353
0x02 17 -1 -1 -1 5353 5353
-1 -1 -1 -1 -1 5353 5353
0x02 17 -1 -1 -1 5353 5353
-1 -1 -1 -1 -1 5353 5353
0x02 17 -1 -1 -1 5353 5353
0x00 17 -1 -1 -1 59696 59870
0x00 17 -1 -1 -1 59698 59870
0x00 17 -1 -1 -1 59700 59871
0x00 17 -1 -1 -1 59701 59871
0x00 17 -1 -1 -1 59702 59871
0x00 17 -1 -1 -1 59703 59871
0x00 17 -1 -1 -1 59704 59870
0x00 17 -1 -1 -1 59705 59870
0x00 17 -1 -1 -1 59708 59871
0x00 17 -1 -1 -1 59709 59871
0x00 17 -1 -1 -1 59710 59871
0x00 17 -1 -1 -1 59711 59871
-1 -1 -1 -1 -1 -1 -1
0x00 17 -1 -1 -1 63804 6667
0x02 6 32280 443 0x0010 -1 -1
0x02 6 443 32280 0x0010 -1 -1
0x02 6 32281 443 0x0010 -1 -1
0x02 6 443 32281 0x0010 -1 -1
-1 -1 -1 -1 -1 -1 -1
0x02 6 32282 443 0x0010 -1 -1
0x02 6 443 32282 0x0010 -1 -1
0x02 6 32279 443 0x0010 -1 -1
0x02 6 443 32279 0x0010 -1 -1
0x02 6 32256 443 0x0010 -1 -1
0x02 6 32255 443 0x0010 -1 -1
0x02 6 32275 443 0x0010 -1 -1
0x02 6 443 32256 0x0010 -1 -1
0x02 6 443 32255 0x0010 -1 -1
0x02 6 443 32275 0x0010 -1 -1
0x02 6 32254 443 0x0010 -1 -1
0x02 6 443 32254 0x0010 -1 -1
0x02 6 4183 8009 0x0018 -1 -1
0x02 6 8009 4183 0x0010 -1 -1
0x02 6 8009 4183 0x0018 -1 -1
0x02 6 4183 8009 0x0010 -1 -1
0x02 6 32278 443 0x0010 -1 -1
0x02 6 32286 443 0x0010 -1 -1
0x02 6 443 32278 0x0010 -1 -1
0x02 6 443 32286 0x0010 -1 -1
-1 -1 -1 -1 -1 -1 -1
0x00 17 -1 -1 -1 59712 59870
0x00 17 -1 -1 -1 59715 59870
0x00 17 -1 -1 -1 59719 59871
0x00 17 -1 -1 -1 59721 59871
0x00 17 -1 -1 -1 59722 59871
0x00 17 -1 -1 -1 59723 59871
-1 -1 -1 -1 -1 -1 -1
0x00 17 -1 -1 -1 61285 6667
0x02 6 4218 8009 0x0018 -1 -1
0x02 6 8009 4218 0x0018 -1 -1
0x02 6 4218 8009 0x0010 -1 -1
0x02 6 27037 4111 0x0018 -1 -1
0x02 6 4111 27037 0x0010 -1 -1
-1 -1 -1 -1 -1 -1 -1
-1 -1 -1 -1 -1 -1 -1
-1 -1 -1 -1 -1 -1 -1
0x00 17 -1 -1 -1 63804 6667
0x02 6 32257 443 0x0010 -1 -1
0x02 6 32252 443 0x0010 -1 -1
0x02 6 32253 443 0x0010 -1 -1
0x02 6 443 32257 0x0010 -1 -1
0x02 6 443 32252 0x0010 -1 -1
0x02 6 443 32253 0x0010 -1 -1
0x00 17 -1 -1 -1 59724 59870
0x00 17 -1 -1 -1 59725 59870
0x00 17 -1 -1 -1 59727 59871
0x00 17 -1 -1 -1 59729 59871
0x00 17 -1 -1 -1 59730 59871
0x00 17 -1 -1 -1 59731 59871
0x00 17 -1 -1 -1 59732 59870
0x00 17 -1 -1 -1 59733 59870
0x00 17 -1 -1 -1 59736 59871
0x00 17 -1 -1 -1 59737 59871
0x00 17 -1 -1 -1 59738 59871
0x00 17 -1 -1 -1 59739 59871
0x02 6 4183 8009 0x0018 -1 -1
0x02 6 8009 4183 0x0018 -1 -1
0x02 6 4183 8009 0x0010 -1 -1
0x00 17 -1 -1 -1 5353 5353
-1 -1 -1 -1 -1 5353 5353
-1 -1 -1 -1 -1 5353 5353
0x00 17 -1 -1 -1 5353 5353
-1 -1 -1 -1 -1 5353 5353
-1 -1 -1 -1 -1 5353 5353
0x00 17 -1 -1 -1 5353 5353
0x00 17 -1 -1 -1 5353 5353
0x00 17 -1 -1 -1 5353 5353
-1 -1 -1 -1 -1 5353 5353
-1 -1 -1 -1 -1 5353 5353
0x00 17 -1 -1 -1 5353 5353
0x00 17 -1 -1 -1 5353 5353
-1 -1 -1 -1 -1 5353 5353
-1 -1 -1 -1 -1 5353 5353
0x00 17 -1 -1 -1 5353 5353
0x00 17 -1 -1 -1 5353 5353
-1 -1 -1 -1 -1 5353 5353
-1 -1 -1 -1 -1 5353 5353
0x00 17 -1 -1 -1 5353 5353
0x00 17 -1 -1 -1 61285 6667
0x00 17 -1 -1 -1 5353 5353
-1 -1 -1 -1 -1 5353 5353
-1 -1 -1 -1 -1 5353 5353
0x00 17 -1 -1 -1 5353 5353
0x02 6 4218 8009 0x0018 -1 -1
0x02 6 8009 4218 0x0018 -1 -1
0x02 6 4218 8009 0x0010 -1 -1
0x00 17 -1 -1 -1 59740 59870
0x00 17 -1 -1 -1 59741 59870
0x02 6 32249 443 0x0018 -1 -1
0x02 6 443 32249 0x0010 -1 -1
0x02 6 443 32249 0x0018 -1 -1
0x02 6 32249 443 0x0010 -1 -1
0x00 17 -1 -1 -1 5353 5353
-1 -1 -1 -1 -1 5353 5353
0x02 17 -1 -1 -1 5353 5353
-1 -1 -1 -1 -1 5353 5353
0x02 6 4547 443 0x0018 -1 -1
0x02 6 443 4547 0x0010 -1 -1
0x00 17 -1 -1 -1 63804 6667
0x00 17 -1 -1 -1 5353 5353
-1 -1 -1 -1 -1 5353 5353
-1 -1 -1 -1 -1 5353 5353
0x00 17 -1 -1 -1 5353 5353
0x00 17 -1 -1 -1 5353 5353
-1 -1 -1 -1 -1 5353 5353
-1 -1 -1 -1 -1 5353 5353
0x00 17 -1 -1 -1 5353 5353
0x02 6 443 4547 0x0018 -1 -1
0x02 6 4547 443 0x0010 -1 -1
-1 -1 -1 -1 -1 -1 -1
-1 -1 -1 -1 -1 -1 -1
0x02 17 -1 -1 -1 5353 5353
0x02 6 4183 8009 0x0018 -1 -1
0x02 6 8009 4183 0x0018 -1 -1
0x02 6 4183 8009 0x0010 -1 -1
0x00 17 -1 -1 -1 59742 59870
0x00 17 -1 -1 -1 59743 59870
0x02 6 32249 443 0x0018 -1 -1
0x02 6 4153 443 0x0018 -1 -1
0x00 6 443 4153 0x0010 -1 -1
0x02 6 443 32249 0x0018 -1 -1
0x00 17 -1 -1 -1 59744 59870
0x00 17 -1 -1 -1 59745 59870
0x02 6 32249 443 0x0018 -1 -1
0x00 6 443 4153 0x0018 -1 -1
0x02 6 4153 443 0x0010 -1 -1
0x02 6 443 32249 0x0018 -1 -1
0x02 6 32249 443 0x0010 -1 -1
0x02 6 32270 443 0x0010 -1 -1
0x02 6 443 32270 0x0010 -1 -1
0x02 6 32265 443 0x0010 -1 -1
0x02 6 32263 443 0x0010 -1 -1
0x02 6 32266 443 0x0010 -1 -1
0x02 6 32264 443 0x0010 -1 -1
0x02 6 32268 443 0x0010 -1 -1
0x02 6 443 32263 0x0010 -1 -1
0x02 6 443 32266 0x0010 -1 -1
0x02 6 443 32265 0x0010 -1 -1
0x02 6 443 32264 0x0010 -1 -1
0x02 6 443 32268 0x0010 -1 -1
0x02 6 32267 443 0x0010 -1 -1
0x02 6 443 32267 0x0010 -1 -1
0x02 6 32285 443 0x0010 -1 -1
0x00 6 443 32285 0x0010 -1 -1
0x00 17 -1 -1 -1 61285 6667
0x02 6 4218 8009 0x0018 -1 -1
0x02 6 8009 4218 0x0018 -1 -1
0x02 6 4218 8009 0x0010 -1 -1
0x00 17 -1 -1 -1 5353 5353
-1 -1 -1 -1 -1 5353 5353
-1 -1 -1 -1 -1 5353 5353
0x00 17 -1 -1 -1 5353 5353
0x00 17 -1 -1 -1 5353 5353
-1 -1 -1 -1 -1 5353 5353
-1 -1 -1 -1 -1 5353 5353
0x00 17 -1 -1 -1 5353 5353
0x00 17 -1 -1 -1 63804 6667
0x00 17 -1 -1 -1 59746 59870
0x00 17 -1 -1 -1 59747 59870
0x02 6 32249 443 0x0018 -1 -1
0x02 6 443 32249 0x0010 -1 -1
0x02 6 443 32249 0x0018 -1 -1
0x00 17 -1 -1 -1 59749 59871
0x00 17 -1 -1 -1 59751 59871
0x00 17 -1 -1 -1 59752 59871
0x00 17 -1 -1 -1 59753 59871
0x02 6 32249 443 0x0010 -1 -1
0x02 6 4183 8009 0x0018 -1 -1
0x02 6 8009 4183 0x0018 -1 -1
0x02 6 4183 8009 0x0010 -1 -1
0x02 6 32199 443 0x0018 -1 -1
0x02 6 32199 443 0x0011 -1 -1
0x00 17 -1 -1 -1 53874 53
0x00 17 -1 -1 -1 55362 53
0x00 17 -1 -1 -1 53 53874
0x02 6 443 32199 0x0004 -1 -1
0x00 17 -1 -1 -1 53 55362
0x02 6 32315 443 0x0002 -1 -1
0x02 6 443 32315 0x0012 -1 -1
0x02 6 32315 443 0x0010 -1 -1
0x02 6 32315 443 0x0018 -1 -1
0x02 6 443 32315 0x0010 -1 -1
0x02 6 443 32315 0x0010 -1 -1
0x02 6 443 32315 0x0018 -1 -1
0x02 6 32315 443 0x0010 -1 -1
0x02 6 443 32315 0x0018 -1 -1
0x02 6 32315 443 0x0018 -1 -1
0x02 6 32315 443 0x0018 -1 -1
0x02 6 32315 443 0x0018 -1 -1
0x02 6 32315 443 0x0018 -1 -1
0x02 6 32315 443 0x0018 -1 -1
0x02 6 32315 443 0x0018 -1 -1
0x02 6 32315 443 0x0018 -1 -1
0x02 6 32315 443 0x0018 -1 -1
0x02 6 443 32315 0x0010 -1 -1
0x02 6 443 32315 0x0010 -1 -1
0x02 6 443 32315 0x0010 -1 -1
0x02 6 443 32315 0x0018 -1 -1
0x02 6 443 32315 0x0018 -1 -1
0x02 6 32315 443 0x0010 -1 -1
0x02 6 32315 443 0x0018 -1 -1
0x02 6 443 32315 0x0018 -1 -1
0x02 6 32315 443 0x0010 -1 -1
0x02 6 443 32315 0x0010 -1 -1
0x00 17 -1 -1 -1 61285 6667
0x02 6 32289 443 0x0011 -1 -1
0x02 6 443 32315 0x0010 -1 -1
0x02 6 443 32315 0x0018 -1 -1
0x02 6 32315 443 0x0010 -1 -1
0x02 6 32315 443 0x0018 -1 -1
0x02 6 32315 443 0x0018 -1 -1
0x02 6 32315 443 0x0018 -1 -1
0x02 6 443 32315 0x0010 -1 -1
0x02 6 443 32315 0x0018 -1 -1
0x02 6 443 32315 0x0010 -1 -1
0x02 6 443 32315 0x0010 -1 -1
0x02 6 32315 443 0x0010 -1 -1
0x02 6 443 32315 0x0018 -1 -1
0x02 6 32315 443 0x0010 -1 -1
0x02 6 443 32289 0x0011 -1 -1
0x02 6 32289 443 0x0010 -1 -1
0x02 6 4218 8009 0x0018 -1 -1
0x02 6 8009 4218 0x0018 -1 -1
0x02 6 4218 8009 0x0010 -1 -1
0x02 6 443 32315 0x0010 -1 -1
0x00 17 -1 -1 -1 56343 59870
0x00 17 -1 -1 -1 56344 59870
0x02 6 32339 443 0x0018 -1 -1
0x02 6 443 32339 0x0018 -1 -1
0x02 6 32339 443 0x0010 -1 -1
0x00 6 33497 13456 0x0002 -1 -1
0x00 6 33497 1001 0x0002 -1 -1
0x00 6 33497 1119 0x0002 -1 -1
0x00 6 33497 6699 0x0002 -1 -1
0x02 6 1001 33497 0x0014 -1 -1
0x02 6 13456 33497 0x0014 -1 -1
0x00 6 33497 1503 0x0002 -1 -1
0x02 6 1119 33497 0x0014 -1 -1
0x02 6 6699 33497 0x0014 -1 -1
0x00 6 33499 8994 0x0002 -1 -1
0x00 6 33499 19780 0x0002 -1 -1
0x00 6 33499 3370 0x0002 -1 -1
0x02 6 1503 33497 0x0014 -1 -1
0x00 6 33499 6969 0x0002 -1 -1
0x00 6 33499 3880 0x0002 -1 -1
0x00 6 33499 9535 0x0002 -1 -1
0x00 6 33499 9500 0x0002 -1 -1
0x00 6 33499 3269 0x0002 -1 -1
0x00 6 33499 10012 0x0002 -1 -1
0x00 6 33499 3333 0x0002 -1 -1
0x00 6 33499 19315 0x0002 -1 -1
0x02 6 8994 33499 0x0014 -1 -1
0x00 6 33499 2100 0x0002 -1 -1
0x00 6 33499 4000 0x0002 -1 -1
0x00 6 33499 683 0x0002 -1 -1
0x00 6 33499 9110 0x0002 -1 -1
0x00 6 33499 6106 0x0002 -1 -1
0x00 6 33499 3869 0x0002 -1 -1
0x00 6 33499 70 0x0002 -1 -1
0x00 6 33499 9415 0x0002 -1 -1
0x02 6 3370 33499 0x0014 -1 -1
0x02 6 19780 33499 0x0014 -1 -1
0x02 6 3880 33499 0x0014 -1 -1
0x00 6 33499 16080 0x0002 -1 -1
0x02 6 6969 33499 0x0014 -1 -1
0x00 6 33499 3851 0x0002 -1 -1
0x00 6 33499 9666 0x0002 -1 -1
0x00 6 33499 18988 0x0002 -1 -1
0x00 6 33499 1057 0x0002 -1 -1
0x00 6 33499 8291 0x0002 -1 -1
0x00 6 33499 11967 0x0002 -1 -1
0x00 6 33499 2170 0x0002 -1 -1
0x02 6 3333 33499 0x0014 -1 -1
0x00 6 33499 1112 0x0002 -1 -1
0x02 6 10012 33499 0x0014 -1 -1
0x02 6 19315 33499 0x0014 -1 -1
0x02 6 2100 33499 0x0014 -1 -1
0x02 6 9535 33499 0x0014 -1 -1
0x02 6 3869 33499 0x0014 -1 -1
0x00 6 33499 1138 0x0002 -1 -1
0x00 6 33499 32781 0x0002 -1 -1
0x00 6 33499 52869 0x0002 -1 -1
0x00 6 33499 5822 0x0002 -1 -1
0x00 6 33499 5544 0x0002 -1 -1
0x02 6 683 33499 0x0014 -1 -1
0x02 6 9500 33499 0x0014 -1 -1
0x02 6 3851 33499 0x0014 -1 -1
0x02 6 70 33499 0x0014 -1 -1
0x02 6 9110 33499 0x0014 -1 -1
0x02 6 3269 33499 0x0014 -1 -1
0x02 6 18988 33499 0x0014 -1 -1
0x02 6 9415 33499 0x0014 -1 -1
0x02 6 6106 33499 0x0014 -1 -1
0x02 6 4000 33499 0x0014 -1 -1
0x02 6 16080 33499 0x0014 -1 -1
0x02 6 11967 33499 0x0014 -1 -1
0x00 6 33495 30 0x0002 -1 -1
0x00 6 33495 6156 0x0002 -1 -1
0x00 6 33495 13722 0x0002 -1 -1
0x00 6 33495 2998 0x0002 -1 -1
0x02 6 2998 33495 0x0014 -1 -1
0x00 6 33495 1084 0x0002 -1 -1
0x00 6 33495 16012 0x0002 -1 -1
0x00 6 33495 79 0x0002 -1 -1
0x00 6 33495 9103 0x0002 -1 -1
0x00 6 33495 45100 0x0002 -1 -1
0x02 6 45100 33495 0x0014 -1 -1
0x00 6 33495 9593 0x0002 -1 -1
0x00 6 33495 5221 0x0002 -1 -1
0x00 6 33495 7 0x0002 -1 -1
0x00 6 33495 3986 0x0002 -1 -1
0x02 6 53 33495 0x0012 -1 -1
0x00 17 -1 -1 -1 5353 5353
-1 -1 -1 -1 -1 5353 5353
-1 -1 -1 -1 -1 5353 5353
0x00 17 -1 -1 -1 5353 5353
0x02 6 4297 443 0x0018 -1 -1
0x00 17 -1 -1 -1 5353 5353
-1 -1 -1 -1 -1 5353 5353
-1 -1 -1 -1 -1 5353 5353
0x00 17 -1 -1 -1 5353 5353
0x02 6 4218 8009 0x0018 -1 -1
0x02 6 8009 4218 0x0018 -1 -1
0x00 17 -1 -1 -1 63804 6667
0x02 6 4218 8009 0x0010 -1 -1
0x02 6 443 4297 0x0018 -1 -1
0x02 6 4300 443 0x0018 -1 -1
0x02 6 4297 443 0x0010 -1 -1
0x00 6 33497 3986 0x0002 -1 -1
0x02 6 3986 33497 0x0014 -1 -1
0x00 6 33497 7 0x0002 -1 -1
0x02 6 7 33497 0x0014 -1 -1
0x00 6 33497 5221 0x0002 -1 -1
0x02 6 5221 33497 0x0014 -1 -1
0x00 6 33497 9593 0x0002 -1 -1
0x02 6 9593 33497 0x0014 -1 -1
0x00 6 33497 9103 0x0002 -1 -1
0x02 6 9103 33497 0x0014 -1 -1
0x00 6 33497 79 0x0002 -1 -1
0x02 6 79 33497 0x0014 -1 -1
0x00 6 33497 16012 0x0002 -1 -1
0x02 6 16012 33497 0x0014 -1 -1
0x00 6 33497 1084 0x0002 -1 -1
0x02 6 1084 33497 0x0014 -1 -1
0x02 6 443 4300 0x0018 -1 -1
0x00 6 33497 13722 0x0002 -1 -1
0x02 6 13722 33497 0x0014 -1 -1
0x00 6 33497 6156 0x0002 -1 -1
0x02 6 6156 33497 0x0014 -1 -1
0x00 6 33497 30 0x0002 -1 -1
0x02 6 30 33497 0x0014 -1 -1
0x00 6 33501 5544 0x0002 -1 -1
0x02 6 5544 33501 0x0014 -1 -1
0x00 6 33501 5822 0x0002 -1 -1
0x02 6 5822 33501 0x0014 -1 -1
0x00 6 33501 52869 0x0002 -1 -1
0x02 6 52869 33501 0x0014 -1 -1
0x02 6 4300 443 0x0010 -1 -1
0x00 6 33501 32781 0x0002 -1 -1
0x02 6 32781 33501 0x0014 -1 -1
0x00 6 33501 1138 0x0002 -1 -1
0x02 6 1138 33501 0x0014 -1 -1
0x00 6 33501 1112 0x0002 -1 -1
0x02 6 1112 33501 0x0014 -1 -1
0x00 6 33501 2170 0x0002 -1 -1
0x02 6 2170 33501 0x0014 -1 -1
0x00 6 33501 8291 0x0002 -1 -1
0x02 6 8291 33501 0x0014 -1 -1
0x00 6 33501 1057 0x0002 -1 -1
0x02 6 1057 33501 0x0014 -1 -1
0x00 6 33501 9666 0x0002 -1 -1
0x02 6 9666 33501 0x0014 -1 -1
0x00 6 33495 1111 0x0002 -1 -1
0x02 6 1111 33495 0x0014 -1 -1
0x00 6 33495 464 0x0002 -1 -1
0x02 6 464 33495 0x0014 -1 -1
0x00 6 33495 264 0x0002 -1 -1
0x02 6 264 33495 0x0014 -1 -1
0x00 6 33495 16018 0x0002 -1 -1
0x02 6 16018 33495 0x0014 -1 -1
0x00 6 33495 465 0x0002 -1 -1
0x02 6 465 33495 0x0014 -1 -1
0x00 6 33495 4445 0x0002 -1 -1
0x02 6 4445 33495 0x0014 -1 -1
0x00 6 33495 667 0x0002 -1 -1
0x02 6 667 33495 0x0014 -1 -1
0x00 6 33495 6112 0x0002 -1 -1
0x02 6 6112 33495 0x0014 -1 -1
0x00 6 33495 5510 0x0002 -1 -1
0x02 6 5510 33495 0x0014 -1 -1
0x00 6 33495 25734 0x0002 -1 -1
0x02 6 25734 33495 0x0014 -1 -1
0x00 6 33495 11111 0x0002 -1 -1
0x02 6 11111 33495 0x0014 -1 -1
0x00 6 33495 765 0x0002 -1 -1
0x02 6 765 33495 0x0014 -1 -1
0x00 6 33495 1043 0x0002 -1 -1
0x00 6 33495 1175 0x0002 -1 -1
0x02 6 1175 33495 0x0014 -1 -1
0x00 6 33495 5004 0x0002 -1 -1
0x00 6 33495 1310 0x0002 -1 -1
0x00 6 33495 32771 0x0002 -1 -1
0x02 6 32771 33495 0x0014 -1 -1
0x00 6 33495 1009 0x0002 -1 -1
0x00 6 33495 1164 0x0002 -1 -1
0x00 6 33495 3827 0x0002 -1 -1
0x00 6 33495 14238 0x0002 -1 -1
0x02 6 14238 33495 0x0014 -1 -1
0x02 6 32232 8008 0x0010 -1 -1
0x00 6 33497 1043 0x0002 -1 -1
0x02 6 8008 32232 0x0010 -1 -1
0x00 6 33495 5087 0x0002 -1 -1
0x00 6 33497 5004 0x0002 -1 -1
0x02 6 5004 33497 0x0014 -1 -1
0x00 6 33497 3827 0x0002 -1 -1
0x02 6 3827 33497 0x0014 -1 -1
0x00 6 33499 1043 0x0002 -1 -1
0x02 6 1043 33499 0x0014 -1 -1
0x00 6 33497 5087 0x0002 -1 -1
0x00 6 33497 1164 0x0002 -1 -1
0x00 6 33499 5087 0x0002 -1 -1
0x02 6 5087 33499 0x0014 -1 -1
0x00 6 33499 1164 0x0002 -1 -1
0x02 6 1164 33499 0x0014 -1 -1
0x00 6 33497 1009 0x0002 -1 -1
0x02 6 1009 33497 0x0014 -1 -1
0x00 6 33497 1310 0x0002 -1 -1
0x00 6 33495 1123 0x0002 -1 -1
0x02 6 1123 33495 0x0014 -1 -1
0x00 6 33495 1309 0x0002 -1 -1
0x00 6 33495 5801 0x0002 -1 -1
0x00 6 33495 4242 0x0002 -1 -1
0x02 6 4242 33495 0x0014 -1 -1
0x00 6 33495 9290 0x0002 -1 -1
0x00 6 33495 912 0x0002 -1 -1
0x00 6 33499 1310 0x0002 -1 -1
0x02 6 1310 33499 0x0014 -1 -1
0x00 6 33497 5801 0x0002 -1 -1
0x02 6 5801 33497 0x0014 -1 -1
0x00 6 33497 9290 0x0002 -1 -1
0x00 6 33497 912 0x0002 -1 -1
0x02 6 912 33497 0x0014 -1 -1
0x00 6 33497 1309 0x0002 -1 -1
0x02 6 4183 8009 0x0018 -1 -1
0x02 6 32258 443 0x0010 -1 -1
0x02 6 443 32258 0x0004 -1 -1
0x00 6 33499 9290 0x0002 -1 -1
0x02 6 9290 33499 0x0014 -1 -1
0x02 6 8009 4183 0x0018 -1 -1
0x00 6 33495 1998 0x0002 -1 -1
0x02 6 1998 33495 0x0014 -1 -1
0x00 6 33499 1309 0x0002 -1 -1
0x02 6 1309 33499 0x0014 -1 -1
0x02 6 32410 443 0x0010 -1 -1
0x00 6 33495 1334 0x0002 -1 -1
0x02 6 443 32410 0x0010 -1 -1
0x02 6 4183 8009 0x0010 -1 -1
0x00 6 33495 5080 0x0002 -1 -1
0x02 6 32412 443 0x0010 -1 -1
0x02 6 443 32412 0x0010 -1 -1
0x00 6 33497 1334 0x0002 -1 -1
0x02 6 1334 33497 0x0014 -1 -1
0x00 6 33497 5080 0x0002 -1 -1
0x02 6 5080 33497 0x0014 -1 -1
0x00 6 33495 4443 0x0002 -1 -1
0x02 6 4443 33495 0x0014 -1 -1
0x00 6 33495 3261 0x0002 -1 -1
0x00 6 33495 8031 0x0002 -1 -1
0x02 6 8031 33495 0x0014 -1 -1
0x00 6 33495 5190 0x0002 -1 -1
0x00 6 33495 1122 0x0002 -1 -1
0x00 6 33495 2399 0x0002 -1 -1
0x00 6 33495 8084 0x0002 -1 -1
0x02 6 8084 33495 0x0014 -1 -1
0x00 6 33495 8181 0x0002 -1 -1
0x00 6 33495 25735 0x0002 -1 -1
0x00 6 33497 3261 0x0002 -1 -1
0x02 6 3261 33497 0x0014 -1 -1
0x00 6 33497 2399 0x0002 -1 -1
0x02 6 2399 33497 0x0014 -1 -1
0x00 6 33497 8181 0x0002 -1 -1
0x02 6 8181 33497 0x0014 -1 -1
0x00 6 33497 25735 0x0002 -1 -1
0x00 6 33497 1122 0x0002 -1 -1
0x00 6 33499 25735 0x0002 -1 -1
0x02 6 25735 33499 0x0014 -1 -1
0x00 6 33499 1122 0x0002 -1 -1
0x02 6 1122 33499 0x0014 -1 -1
0x00 6 33497 5190 0x0002 -1 -1
0x02 6 5190 33497 0x0014 -1 -1
0x00 6 33495 5432 0x0002 -1 -1
0x00 6 33495 2701 0x0002 -1 -1
0x02 6 2701 33495 0x0014 -1 -1
0x00 6 33495 6025 0x0002 -1 -1
0x00 6 33495 55055 0x0002 -1 -1
0x00 6 33495 24800 0x0002 -1 -1
0x02 6 24800 33495 0x0014 -1 -1
0x00 6 33495 1145 0x0002 -1 -1
0x00 6 33495 7435 0x0002 -1 -1
0x00 6 33497 5432 0x0002 -1 -1
0x02 6 5432 33497 0x0014 -1 -1
0x00 6 33497 55055 0x0002 -1 -1
0x02 6 55055 33497 0x0014 -1 -1
0x02 6 32413 443 0x0010 -1 -1
0x00 6 33497 1145 0x0002 -1 -1
0x00 6 33497 7435 0x0002 -1 -1
0x02 6 7435 33497 0x0014 -1 -1
0x00 6 33497 6025 0x0002 -1 -1
0x00 6 33499 1145 0x0002 -1 -1
0x02 6 1145 33499 0x0014 -1 -1
0x00 6 33495 1086 0x0002 -1 -1
0x02 6 1086 33495 0x0014 -1 -1
0x02 6 443 32413 0x0010 -1 -1
0x00 6 33499 6025 0x0002 -1 -1
0x02 6 6025 33499 0x0014 -1 -1
0x00 6 33495 5907 0x0002 -1 -1
0x00 6 33495 7676 0x0002 -1 -1
0x00 17 -1 -1 -1 56345 59870
0x00 17 -1 -1 -1 56346 59870
0x02 6 32339 443 0x0018 -1 -1
0x00 6 33497 5907 0x0002 -1 -1
0x02 6 5907 33497 0x0014 -1 -1
0x00 6 33497 7676 0x0002 -1 -1
0x02 6 7676 33497 0x0014 -1 -1
0x00 6 33495 6000 0x0002 -1 -1
0x02 6 6000 33495 0x0014 -1 -1
0x00 6 33495 2717 0x0002 -1 -1
0x00 6 33495 1098 0x0002 -1 -1
0x00 6 33495 55555 0x0002 -1 -1
0x02 6 55555 33495 0x0014 -1 -1
0x00 6 33495 1718 0x0002 -1 -1
0x00 6 33495 515 0x0002 -1 -1
0x00 6 33495 5003 0x0002 -1 -1
0x02 6 5003 33495 0x0014 -1 -1
0x00 6 33495 1935 0x0002 -1 -1
0x00 6 33495 109 0x0002 -1 -1
0x02 6 443 32339 0x0018 -1 -1
0x00 17 -1 -1 -1 56347 59870
0x00 17 -1 -1 -1 56348 59870
0x02 6 32339 443 0x0018 -1 -1
0x00 6 33497 2717 0x0002 -1 -1
0x02 6 2717 33497 0x0014 -1 -1
0x00 6 33497 515 0x0002 -1 -1
0x02 6 515 33497 0x0014 -1 -1
0x00 6 33497 1935 0x0002 -1 -1
0x02 6 1935 33497 0x0014 -1 -1
0x00 6 33497 109 0x0002 -1 -1
0x00 6 33497 1718 0x0002 -1 -1
0x02 6 443 32339 0x0018 -1 -1
0x00 6 33499 109 0x0002 -1 -1
0x02 6 109 33499 0x0014 -1 -1
0x00 6 33499 1718 0x0002 -1 -1
0x02 6 1718 33499 0x0014 -1 -1
0x00 6 33497 1098 0x0002 -1 -1
0x02 6 1098 33497 0x0014 -1 -1
0x00 6 33495 61532 0x0002 -1 -1
0x02 6 32339 443 0x0010 -1 -1
0x00 6 33495 7778 0x0002 -1 -1
0x02 6 7778 33495 0x0014 -1 -1
0x00 6 33495 4343 0x0002 -1 -1
0x00 6 33495 2008 0x0002 -1 -1
0x00 6 33495 1248 0x0002 -1 -1
0x00 6 33497 61532 0x0002 -1 -1
0x02 6 61532 33497 0x0014 -1 -1
0x00 6 33497 4343 0x0002 -1 -1
0x02 6 4343 33497 0x0014 -1 -1
0x00 6 33497 2008 0x0002 -1 -1
0x02 6 2008 33497 0x0014 -1 -1
0x00 6 33497 1248 0x0002 -1 -1
0x02 6 4547 443 0x0018 -1 -1
0x00 6 33495 2043 0x0002 -1 -1
0x02 6 443 4547 0x0010 -1 -1
0x02 6 32411 443 0x0010 -1 -1
0x02 6 443 32411 0x0010 -1 -1
0x00 6 33499 1248 0x0002 -1 -1
0x02 6 1248 33499 0x0014 -1 -1
0x00 6 33497 2043 0x0002 -1 -1
0x02 6 2043 33497 0x0014 -1 -1
0x00 6 33495 9220 0x0002 -1 -1
0x02 6 9220 33495 0x0014 -1 -1
0x00 6 33495 1666 0x0002 -1 -1
0x00 6 33495 2920 0x0002 -1 -1
0x02 6 2920 33495 0x0014 -1 -1
0x00 6 33495 8300 0x0002 -1 -1
0x00 6 33495 2500 0x0002 -1 -1
0x00 6 33495 8652 0x0002 -1 -1
0x02 6 8652 33495 0x0014 -1 -1
0x00 6 33495 57797 0x0002 -1 -1
0x02 6 443 4547 0x0018 -1 -1
0x00 6 33495 5050 0x0002 -1 -1
0x00 6 33495 8093 0x0002 -1 -1
0x02 6 8093 33495 0x0014 -1 -1
0x00 6 33495 106 0x0002 -1 -1
0x00 6 33497 1666 0x0002 -1 -1
0x02 6 4547 443 0x0010 -1 -1
0x00 6 33497 8300 0x0002 -1 -1
0x02 6 8300 33497 0x0014 -1 -1
0x00 6 33497 5050 0x0002 -1 -1
0x02 6 5050 33497 0x0014 -1 -1
0x00 6 33497 106 0x0002 -1 -1
0x00 6 33499 1666 0x0002 -1 -1
0x02 6 1666 33499 0x0014 -1 -1
0x00 6 33497 57797 0x0002 -1 -1
0x00 6 33499 106 0x0002 -1 -1
0x02 6 106 33499 0x0014 -1 -1
0x00 6 33497 2500 0x0002 -1 -1
0x02 6 2500 33497 0x0014 -1 -1
0x00 6 33495 7512 0x0002 -1 -1
0x02 6 7512 33495 0x0014 -1 -1
0x00 6 33499 57797 0x0002 -1 -1
0x00 6 33495 9100 0x0002 -1 -1
0x00 6 33495 911 0x0002 -1 -1
0x00 6 33495 1277 0x0002 -1 -1
0x02 6 1277 33495 0x0014 -1 -1
0x00 6 33495 2103 0x0002 -1 -1
0x00 6 33495 2222 0x0002 -1 -1
0x00 17 -1 -1 -1 61285 6667
0x00 6 33501 57797 0x0002 -1 -1
0x02 6 57797 33501 0x0014 -1 -1
0x00 6 33497 911 0x0002 -1 -1
0x02 6 911 33497 0x0014 -1 -1
0x00 6 33497 2103 0x0002 -1 -1
0x02 6 2103 33497 0x0014 -1 -1
0x00 6 33497 2222 0x0002 -1 -1
0x00 6 33497 9100 0x0002 -1 -1
0x00 6 33499 2222 0x0002 -1 -1
0x02 6 2222 33499 0x0014 -1 -1
0x00 6 33499 9100 0x0002 -1 -1
0x02 6 9100 33499 0x0014 -1 -1
0x00 6 33495 3017 0x0002 -1 -1
0x02 6 3017 33495 0x0014 -1 -1
0x00 6 33495 7496 0x0002 -1 -1
0x00 6 33495 32769 0x0002 -1 -1
0x02 6 32769 33495 0x0014 -1 -1
0x00 6 33495 4449 0x0002 -1 -1
0x00 6 33495 5960 0x0002 -1 -1
0x00 6 33495 3878 0x0002 -1 -1
0x00 6 33495 5679 0x0002 -1 -1
0x02 6 5679 33495 0x0014 -1 -1
0x00 6 33495 259 0x0002 -1 -1
0x00 6 33495 26214 0x0002 -1 -1
0x00 6 33497 7496 0x0002 -1 -1
0x02 6 7496 33497 0x0014 -1 -1
0x00 6 33497 3878 0x0002 -1 -1
0x02 6 3878 33497 0x0014 -1 -1
0x00 6 33497 259 0x0002 -1 -1
0x02 6 259 33497 0x0014 -1 -1
0x00 6 33497 26214 0x0002 -1 -1
0x00 6 33497 5960 0x0002 -1 -1
0x00 6 33499 26214 0x0002 -1 -1
0x02 6 26214 33499 0x0014 -1 -1
0x00 6 33499 5960 0x0002 -1 -1
0x02 6 5960 33499 0x0014 -1 -1
0x00 6 33497 4449 0x0002 -1 -1
0x02 6 4449 33497 0x0014 -1 -1
0x00 6 33495 4001 0x0002 -1 -1
0x00 6 33495 2065 0x0002 -1 -1
0x02 6 2065 33495 0x0014 -1 -1
0x00 6 33495 3995 0x0002 -1 -1
0x00 6 33495 32785 0x0002 -1 -1
0x00 6 33495 18040 0x0002 -1 -1
0x02 6 18040 33495 0x0014 -1 -1
0x00 6 33495 1147 0x0002 -1 -1
0x00 6 33495 9876 0x0002 -1 -1
0x00 6 33497 4001 0x0002 -1 -1
0x02 6 4001 33497 0x0014 -1 -1
0x00 6 33497 32785 0x0002 -1 -1
0x02 6 32785 33497 0x0014 -1 -1
0x00 6 33497 1147 0x0002 -1 -1
0x00 6 33497 9876 0x0002 -1 -1
0x02 6 9876 33497 0x0014 -1 -1
0x00 6 33497 3995 0x0002 -1 -1
0x02 6 53 33495 0x0012 -1 -1
0x00 6 33499 1147 0x0002 -1 -1
0x02 6 1147 33499 0x0014 -1 -1
0x00 17 -1 -1 -1 5353 5353
-1 -1 -1 -1 -1 5353 5353
-1 -1 -1 -1 -1 5353 5353
0x00 17 -1 -1 -1 5353 5353
0x00 6 33495 32778 0x0002 -1 -1
0x02 6 32778 33495 0x0014 -1 -1
0x00 6 33495 8899 0x0002 -1 -1
0x02 6 4111 27037 0x0018 -1 -1
0x00 6 33499 3995 0x0002 -1 -1
0x02 6 3995 33499 0x0014 -1 -1
0x00 6 33495 3517 0x0002 -1 -1
0x02 6 27037 4111 0x0010 -1 -1
0x00 17 -1 -1 -1 5353 5353
-1 -1 -1 -1 -1 5353 5353
-1 -1 -1 -1 -1 5353 5353
0x00 17 -1 -1 -1 5353 5353
0x00 6 33497 8899 0x0002 -1 -1
0x02 6 8899 33497 0x0014 -1 -1
0x00 6 33495 27715 0x0002 -1 -1
0x02 6 27715 33495 0x0014 -1 -1
0x00 6 33497 3517 0x0002 -1 -1
0x02 6 3517 33497 0x0014 -1 -1
0x00 6 33495 30718 0x0002 -1 -1
0x00 6 33495 49176 0x0002 -1 -1
0x00 6 33497 30718 0x0002 -1 -1
0x02 6 30718 33497 0x0014 -1 -1
0x00 6 33497 49176 0x0002 -1 -1
0x02 6 49176 33497 0x0014 -1 -1
0x00 6 33495 801 0x0002 -1 -1
0x02 6 801 33495 0x0014 -1 -1
0x00 6 33495 9050 0x0002 -1 -1
0x00 6 33495 3301 0x0002 -1 -1
0x02 6 3301 33495 0x0014 -1 -1
0x00 6 33495 3784 0x0002 -1 -1
0x00 6 33495 5030 0x0002 -1 -1
0x00 6 33495 212 0x0002 -1 -1
0x02 6 212 33495 0x0014 -1 -1
0x00 6 33495 2811 0x0002 -1 -1
0x00 6 33495 1443 0x0002 -1 -1
0x00 6 33495 3221 0x0002 -1 -1
0x00 6 33497 9050 0x0002 -1 -1
0x02 6 9050 33497 0x0014 -1 -1
0x00 6 33497 2811 0x0002 -1 -1
0x02 6 2811 33497 0x0014 -1 -1
0x00 6 33497 1443 0x0002 -1 -1
0x02 6 1443 33497 0x0014 -1 -1
0x00 6 33497 3221 0x0002 -1 -1
0x00 6 33497 5030 0x0002 -1 -1
0x00 6 33499 3221 0x0002 -1 -1
0x02 6 3221 33499 0x0014 -1 -1
0x00 6 33499 5030 0x0002 -1 -1
0x02 6 5030 33499 0x0014 -1 -1
0x00 6 33497 3784 0x0002 -1 -1
0x02 6 3784 33497 0x0014 -1 -1
0x00 6 33495 5963 0x0002 -1 -1
0x00 6 33495 5002 0x0002 -1 -1
0x02 6 5002 33495 0x0014 -1 -1
0x00 6 33495 301 0x0002 -1 -1
0x00 6 33495 20 0x0002 -1 -1
0x00 6 33495 5987 0x0002 -1 -1
0x02 6 5987 33495 0x0014 -1 -1
0x00 6 33495 7200 0x0002 -1 -1
0x00 6 33495 5560 0x0002 -1 -1
0x00 6 33497 5963 0x0002 -1 -1
0x02 6 5963 33497 0x0014 -1 -1
0x00 6 33497 20 0x0002 -1 -1
0x02 6 20 33497 0x0014 -1 -1
0x00 6 33497 7200 0x0002 -1 -1
0x02 6 7200 33497 0x0014 -1 -1
0x00 6 33497 5560 0x0002 -1 -1
0x00 6 33497 301 0x0002 -1 -1
0x00 6 33499 5560 0x0002 -1 -1
0x02 6 5560 33499 0x0014 -1 -1
0x00 6 33495 12174 0x0002 -1 -1
0x02 6 12174 33495 0x0014 -1 -1
0x00 6 33499 301 0x0002 -1 -1
0x02 6 301 33499 0x0014 -1 -1
0x00 6 33495 9099 0x0002 -1 -1
0x00 6 33495 5431 0x0002 -1 -1
0x02 6 5431 33495 0x0014 -1 -1
0x00 6 33495 1026 0x0002 -1 -1
0x00 6 33495 6789 0x0002 -1 -1
0x00 6 33495 2607 0x0002 -1 -1
0x00 6 33497 9099 0x0002 -1 -1
0x02 6 9099 33497 0x0014 -1 -1
0x00 6 33497 1026 0x0002 -1 -1
0x02 6 1026 33497 0x0014 -1 -1
0x00 6 33497 6789 0x0002 -1 -1
0x02 6 6789 33497 0x0014 -1 -1
0x00 6 33497 2607 0x0002 -1 -1
0x00 6 33495 8089 0x0002 -1 -1
0x02 6 4218 8009 0x0018 -1 -1
0x00 17 -1 -1 -1 63804 6667
0x02 6 8009 4218 0x0018 -1 -1
0x00 6 33499 2607 0x0002 -1 -1
0x02 6 2607 33499 0x0014 -1 -1
0x00 6 33497 8089 0x0002 -1 -1
0x02 6 8089 33497 0x0014 -1 -1
0x00 6 33495 513 0x0002 -1 -1
0x02 6 513 33495 0x0014 -1 -1
0x02 6 4218 8009 0x0010 -1 -1
0x00 6 33495 4900 0x0002 -1 -1
0x00 6 33495 340 0x0002 -1 -1
0x02 6 340 33495 0x0014 -1 -1
0x00 6 33495 19801 0x0002 -1 -1
0x00 6 33495 1301 0x0002 -1 -1
0x00 6 33495 8100 0x0002 -1 -1
0x02 6 8100 33495 0x0014 -1 -1
0x00 6 33495 6346 0x0002 -1 -1
0x00 6 33495 9595 0x0002 -1 -1
0x00 6 33495 3351 0x0002 -1 -1
0x00 6 33497 4900 0x0002 -1 -1
0x02 6 4900 33497 0x0014 -1 -1
0x00 6 33497 6346 0x0002 -1 -1
0x02 6 6346 33497 0x0014 -1 -1
0x00 6 33497 9595 0x0002 -1 -1
0x02 6 9595 33497 0x0014 -1 -1
0x00 6 33497 3351 0x0002 -1 -1
0x00 6 33497 1301 0x0002 -1 -1
0x00 17 -1 -1 -1 56349 59870
0x00 17 -1 -1 -1 56350 59870
0x02 6 32339 443 0x0018 -1 -1
0x00 6 33499 3351 0x0002 -1 -1
0x02 6 3351 33499 0x0014 -1 -1
0x00 6 33497 19801 0x0002 -1 -1
0x02 6 19801 33497 0x0014 -1 -1
0x00 17 -1 -1 -1 5353 5353
-1 -1 -1 -1 -1 5353 5353
0x00 6 33499 1301 0x0002 -1 -1
0x02 6 1301 33499 0x0014 -1 -1
0x00 6 33495 14441 0x0002 -1 -1
0x02 17 -1 -1 -1 5353 5353
0x00 6 33495 17 0x0002 -1 -1
0x02 6 17 33495 0x0014 -1 -1
0x00 6 33495 749 0x0002 -1 -1
0x00 6 33495 8087 0x0002 -1 -1
0x00 6 33495 49161 0x0002 -1 -1
0x02 6 49161 33495 0x0014 -1 -1
0x00 6 33495 15742 0x0002 -1 -1
0x00 6 33495 2602 0x0002 -1 -1
0x00 6 33497 14441 0x0002 -1 -1
0x02 6 14441 33497 0x0014 -1 -1
0x02 6 443 32339 0x0018 -1 -1
0x00 6 33497 8087 0x0002 -1 -1
0x02 6 8087 33497 0x0014 -1 -1
0x02 6 32339 443 0x0010 -1 -1
0x00 6 33497 15742 0x0002 -1 -1
0x00 6 33497 2602 0x0002 -1 -1
0x02 6 2602 33497 0x0014 -1 -1
0x00 6 33497 749 0x0002 -1 -1
0x00 6 33499 15742 0x0002 -1 -1
0x02 6 15742 33499 0x0014 -1 -1
0x00 6 33495 10010 0x0002 -1 -1
0x02 6 10010 33495 0x0014 -1 -1
0x00 6 33499 749 0x0002 -1 -1
0x02 6 749 33499 0x0014 -1 -1
0x00 6 33495 2525 0x0002 -1 -1
0x00 6 33495 6006 0x0002 -1 -1
0x00 6 33497 2525 0x0002 -1 -1
0x02 6 2525 33497 0x0014 -1 -1
0x00 6 33497 6006 0x0002 -1 -1
0x02 6 6006 33497 0x0014 -1 -1
0x00 6 33495 1244 0x0002 -1 -1
0x02 6 1244 33495 0x0014 -1 -1
0x00 6 33495 81 0x0002 -1 -1
0x00 6 33495 1021 0x0002 -1 -1
0x02 6 1021 33495 0x0014 -1 -1
0x00 6 33495 6567 0x0002 -1 -1
0x00 6 33495 2909 0x0002 -1 -1
0x00 6 33495 5952 0x0002 -1 -1
0x00 6 33495 10000 0x0002 -1 -1
0x02 6 10000 33495 0x0014 -1 -1
0x00 6 33495 1100 0x0002 -1 -1
0x00 6 33495 51103 0x0002 -1 -1
0x00 6 33497 81 0x0002 -1 -1
0x02 6 81 33497 0x0014 -1 -1
0x00 6 33497 5952 0x0002 -1 -1
0x02 6 5952 33497 0x0014 -1 -1
0x00 6 33497 1100 0x0002 -1 -1
0x02 6 1100 33497 0x0014 -1 -1
0x00 6 33497 51103 0x0002 -1 -1
0x00 6 33497 2909 0x0002 -1 -1
0x02 6 4183 8009 0x0018 -1 -1
0x02 6 8009 4183 0x0018 -1 -1
0x00 6 33499 51103 0x0002 -1 -1
0x02 6 51103 33499 0x0014 -1 -1
0x00 6 33499 2909 0x0002 -1 -1
0x02 6 2909 33499 0x0014 -1 -1
0x02 6 4183 8009 0x0010 -1 -1
0x00 6 33497 6567 0x0002 -1 -1
0x02 6 6567 33497 0x0014 -1 -1
0x00 6 33495 52848 0x0002 -1 -1
0x00 6 33495 2013 0x0002 -1 -1
0x02 6 2013 33495 0x0014 -1 -1
0x00 6 33495 8099 0x0002 -1 -1
0x00 6 33495 9207 0x0002 -1 -1
0x00 6 33495 9010 0x0002 -1 -1
0x02 6 9010 33495 0x0014 -1 -1
0x00 6 33495 5730 0x0002 -1 -1
0x02 6 32276 443 0x0010 -1 -1
0x02 6 32273 443 0x0010 -1 -1
0x02 6 32272 443 0x0010 -1 -1
0x00 6 33495 32 0x0002 -1 -1
0x02 6 32274 443 0x0010 -1 -1
0x02 6 32271 443 0x0010 -1 -1
0x02 6 443 32276 0x0004 -1 -1
0x02 6 443 32273 0x0004 -1 -1
0x02 6 443 32272 0x0004 -1 -1
0x02 6 443 32274 0x0004 -1 -1
0x00 6 33497 52848 0x0002 -1 -1
0x02 6 52848 33497 0x0014 -1 -1
0x02 6 443 32271 0x0004 -1 -1
0x00 6 33497 9207 0x0002 -1 -1
0x02 6 9207 33497 0x0014 -1 -1
0x00 6 33497 5730 0x0002 -1 -1
0x00 6 33497 32 0x0002 -1 -1
0x02 6 32 33497 0x0014 -1 -1
0x00 6 33497 8099 0x0002 -1 -1
0x00 6 33499 5730 0x0002 -1 -1
0x02 6 5730 33499 0x0014 -1 -1
0x00 6 33495 2111 0x0002 -1 -1
0x02 6 2111 33495 0x0014 -1 -1
0x00 6 33499 8099 0x0002 -1 -1
0x02 6 8099 33499 0x0014 -1 -1
0x00 6 33495 3914 0x0002 -1 -1
0x00 6 33495 3871 0x0002 -1 -1
0x00 6 33497 3914 0x0002 -1 -1
0x02 6 3914 33497 0x0014 -1 -1
0x00 6 33497 3871 0x0002 -1 -1
0x02 6 3871 33497 0x0014 -1 -1
0x00 6 33495 2608 0x0002 -1 -1
0x02 6 2608 33495 0x0014 -1 -1
0x00 6 33495 4002 0x0002 -1 -1
0x00 17 -1 -1 -1 55793 53
0x00 17 -1 -1 -1 62606 53
0x00 6 33495 15002 0x0002 -1 -1
0x02 6 15002 33495 0x0014 -1 -1
0x00 17 -1 -1 -1 53 55793
0x00 17 -1 -1 -1 53 62606
0x02 6 32420 443 0x0002 -1 -1
0x00 6 33495 389 0x0002 -1 -1
0x02 6 443 32420 0x0012 -1 -1
0x02 6 32420 443 0x0010 -1 -1
0x02 6 32420 443 0x0010 -1 -1
0x02 6 32420 443 0x0018 -1 -1
0x00 6 33495 880 0x0002 -1 -1
0x02 6 443 32420 0x0010 -1 -1
0x02 6 443 32420 0x0010 -1 -1
0x02 6 443 32420 0x0010 -1 -1
0x02 6 443 32420 0x0010 -1 -1
0x02 6 32420 443 0x0010 -1 -1
0x02 6 443 32420 0x0010 -1 -1
0x02 6 443 32420 0x0010 -1 -1
0x02 6 32420 443 0x0010 -1 -1
0x02 6 443 32420 0x0018 -1 -1
0x00 6 33495 843 0x0002 -1 -1
0x02 6 32420 443 0x0018 -1 -1
0x02 6 32420 443 0x0018 -1 -1
0x02 6 32420 443 0x0018 -1 -1
0x02 6 32420 443 0x0010 -1 -1
0x02 6 32420 443 0x0010 -1 -1
0x02 6 32420 443 0x0010 -1 -1
0x02 6 32420 443 0x0018 -1 -1
0x02 6 843 33495 0x0014 -1 -1
0x02 6 443 32420 0x0010 -1 -1
0x02 6 443 32420 0x0010 -1 -1
0x02 6 443 32420 0x0010 -1 -1
0x02 6 443 32420 0x0010 -1 -1
0x00 6 33495 1151 0x0002 -1 -1
0x02 6 443 32420 0x0010 -1 -1
0x02 6 443 32420 0x0010 -1 -1
0x02 6 443 32420 0x0010 -1 -1
0x02 6 443 32420 0x0018 -1 -1
0x02 6 443 32420 0x0018 -1 -1
0x02 6 32420 443 0x0010 -1 -1
0x02 6 32420 443 0x0018 -1 -1
0x00 6 33495 2875 0x0002 -1 -1
0x02 6 443 32420 0x0018 -1 -1
0x02 6 443 32420 0x0010 -1 -1
0x00 6 33495 42 0x0002 -1 -1
0x00 6 33497 4002 0x0002 -1 -1
0x02 6 4002 33497 0x0014 -1 -1
0x02 6 32420 443 0x0010 -1 -1
0x00 6 33497 1151 0x0002 -1 -1
0x02 6 1151 33497 0x0014 -1 -1
0x00 6 33497 2875 0x0002 -1 -1
0x02 6 2875 33497 0x0014 -1 -1
0x02 6 443 32420 0x0018 -1 -1
0x02 6 443 32420 0x0018 -1 -1
0x02 6 32420 443 0x0010 -1 -1
0x00 6 33497 42 0x0002 -1 -1
0x00 6 33497 880 0x0002 -1 -1
0x02 6 32251 443 0x0010 -1 -1
0x02 6 443 32251 0x0004 -1 -1
0x00 6 33499 42 0x0002 -1 -1
0x02 6 42 33499 0x0014 -1 -1
0x00 6 33499 880 0x0002 -1 -1
0x02 6 880 33499 0x0014 -1 -1
0x00 6 33497 389 0x0002 -1 -1
0x02 6 389 33497 0x0014 -1 -1
0x00 6 33495 6580 0x0002 -1 -1
0x00 6 33495 2009 0x0002 -1 -1
0x02 6 2009 33495 0x0014 -1 -1
0x00 6 33495 44442 0x0002 -1 -1
0x00 6 33495 636 0x0002 -1 -1
0x00 6 33495 687 0x0002 -1 -1
0x02 6 687 33495 0x0014 -1 -1
0x00 6 33495 2006 0x0002 -1 -1
0x00 6 33495 64623 0x0002 -1 -1
0x00 6 33497 6580 0x0002 -1 -1
0x02 6 6580 33497 0x0014 -1 -1
0x00 6 33497 636 0x0002 -1 -1
0x02 6 636 33497 0x0014 -1 -1
0x00 6 33497 2006 0x0002 -1 -1
0x00 17 -1 -1 -1 57833 53
0x00 17 -1 -1 -1 50799 53
0x00 17 -1 -1 -1 55641 53
0x00 17 -1 -1 -1 64046 53
0x00 6 33497 64623 0x0002 -1 -1
0x00 17 -1 -1 -1 53 57833
0x00 17 -1 -1 -1 53 50799
0x02 6 64623 33497 0x0014 -1 -1
0x00 17 -1 -1 -1 53 55641
0x02 6 32421 443 0x0002 -1 -1
0x00 17 -1 -1 -1 53 64046
0x02 6 32422 443 0x0002 -1 -1
0x00 6 33497 44442 0x0002 -1 -1
0x02 6 32387 443 0x0018 -1 -1
0x02 6 443 32421 0x0012 -1 -1
0x02 6 32421 443 0x0010 -1 -1
0x02 6 32421 443 0x0010 -1 -1
0x02 6 32421 443 0x0018 -1 -1
0x02 6 443 32422 0x0012 -1 -1
0x02 6 32422 443 0x0010 -1 -1
0x02 6 32422 443 0x0010 -1 -1
0x02 6 32422 443 0x0018 -1 -1
0x02 6 443 32421 0x0010 -1 -1
0x02 6 443 32421 0x0010 -1 -1
0x02 6 443 32422 0x0010 -1 -1
0x02 6 443 32422 0x0010 -1 -1
0x02 6 443 32422 0x0010 -1 -1
0x02 6 443 32422 0x0018 -1 -1
0x02 6 32422 443 0x0010 -1 -1
0x02 6 443 32422 0x0018 -1 -1
0x02 6 443 32421 0x0010 -1 -1
0x02 6 443 32421 0x0018 -1 -1
0x02 6 32421 443 0x0010 -1 -1
0x02 6 443 32421 0x0018 -1 -1
0x02 6 32422 443 0x0018 -1 -1
0x02 6 32422 443 0x0018 -1 -1
0x02 6 32422 443 0x0018 -1 -1
0x02 6 32421 443 0x0018 -1 -1
0x02 6 32421 443 0x0018 -1 -1
0x02 6 32421 443 0x0018 -1 -1
0x02 6 443 32422 0x0010 -1 -1
0x02 6 443 32422 0x0010 -1 -1
0x02 6 443 32422 0x0010 -1 -1
0x02 6 443 32421 0x0010 -1 -1
0x02 6 443 32421 0x0010 -1 -1
0x02 6 443 32421 0x0010 -1 -1
0x02 6 443 32421 0x0018 -1 -1
0x02 6 443 32421 0x0018 -1 -1
0x02 6 32421 443 0x0010 -1 -1
0x02 6 443 32422 0x0018 -1 -1
0x00 6 33499 2006 0x0002 -1 -1
0x02 6 443 32422 0x0018 -1 -1
0x02 6 32422 443 0x0010 -1 -1
0x02 6 443 32421 0x0018 -1 -1
0x02 6 443 32421 0x0018 -1 -1
0x02 6 32421 443 0x0010 -1 -1
0x02 6 443 32421 0x0018 -1 -1
0x02 6 443 32421 0x0018 -1 -1
0x02 6 32421 443 0x0010 -1 -1
0x02 6 32421 443 0x0018 -1 -1
0x02 6 32421 443 0x0018 -1 -1
0x02 6 32421 443 0x0018 -1 -1
0x02 6 32421 443 0x0010 -1 -1
0x02 6 32421 443 0x0010 -1 -1
0x02 6 32421 443 0x0018 -1 -1
0x02 6 443 32422 0x0018 -1 -1
0x02 6 443 32422 0x0018 -1 -1
0x02 6 32422 443 0x0010 -1 -1
0x02 6 32422 443 0x0018 -1 -1
0x02 6 443 32422 0x0018 -1 -1
0x02 6 443 32422 0x0018 -1 -1
0x02 6 32422 443 0x0010 -1 -1
0x02 6 32422 443 0x0018 -1 -1
0x02 6 32422 443 0x0018 -1 -1
0x02 6 32422 443 0x0010 -1 -1
0x02 6 32422 443 0x0018 -1 -1
0x02 6 2006 33499 0x0014 -1 -1
0x00 6 33495 873 0x0002 -1 -1
0x02 6 873 33495 0x0014 -1 -1
0x02 6 443 32421 0x0010 -1 -1
0x02 6 443 32421 0x0010 -1 -1
0x02 6 443 32421 0x0010 -1 -1
0x00 6 33495 1037 0x0002 -1 -1
0x02 6 443 32422 0x0010 -1 -1
0x02 6 443 32422 0x0010 -1 -1
0x02 6 443 32421 0x0010 -1 -1
0x02 6 1037 33495 0x0014 -1 -1
0x02 6 443 32422 0x0010 -1 -1
0x02 6 443 32422 0x0010 -1 -1
0x00 6 33499 44442 0x0002 -1 -1
0x00 6 33495 524 0x0002 -1 -1
0x00 6 33495 52822 0x0002 -1 -1
0x00 6 33495 5999 0x0002 -1 -1
0x02 6 5999 33495 0x0014 -1 -1
0x00 6 33495 2049 0x0002 -1 -1
0x02 6 443 32387 0x0018 -1 -1
0x00 6 33495 1149 0x0002 -1 -1
0x00 6 33495 9917 0x0002 -1 -1
0x02 6 9917 33495 0x0014 -1 -1
0x00 6 33495 1022 0x0002 -1 -1
0x02 6 32387 443 0x0010 -1 -1
0x00 6 33501 44442 0x0002 -1 -1
0x00 6 33497 524 0x0002 -1 -1
0x02 6 524 33497 0x0014 -1 -1
0x02 6 443 32422 0x0018 -1 -1
0x02 6 443 32422 0x0018 -1 -1
0x02 6 32422 443 0x0010 -1 -1
0x02 6 32422 443 0x0018 -1 -1
0x02 6 443 32422 0x0010 -1 -1
0x00 6 33497 1149 0x0002 -1 -1
0x02 6 1149 33497 0x0014 -1 -1
0x00 6 33497 1022 0x0002 -1 -1
0x02 6 1022 33497 0x0014 -1 -1
0x00 6 33497 2049 0x0002 -1 -1
0x02 6 32417 443 0x0010 -1 -1
0x02 6 443 32417 0x0010 -1 -1
0x02 6 32415 443 0x0010 -1 -1
0x02 6 443 32415 0x0010 -1 -1
0x02 6 27037 4111 0x0018 -1 -1
0x02 6 4111 27037 0x0010 -1 -1
0x00 17 -1 -1 -1 63760 1900
0x00 17 -1 -1 -1 61285 6667
0x02 17 -1 -1 -1 37243 63760
0x02 6 32423 8008 0x0002 -1 -1
0x02 6 8008 32423 0x0012 -1 -1
0x02 6 32423 8008 0x0010 -1 -1
0x02 6 32423 8008 0x0018 -1 -1
0x02 6 8008 32423 0x0010 -1 -1
0x02 6 8008 32423 0x0018 -1 -1
0x02 6 32423 8008 0x0010 -1 -1
0x02 6 32423 8008 0x0011 -1 -1
0x02 6 8008 32423 0x0011 -1 -1
0x02 6 32423 8008 0x0010 -1 -1
0x00 6 33499 2049 0x0002 -1 -1
0x02 6 2049 33499 0x0014 -1 -1
0x00 6 33503 44442 0x0002 -1 -1
0x02 6 44442 33503 0x0014 -1 -1
0x00 6 33497 52822 0x0002 -1 -1
0x02 6 52822 33497 0x0014 -1 -1
0x00 6 33495 6129 0x0002 -1 -1
0x02 6 6129 33495 0x0014 -1 -1
0x00 6 33495 8192 0x0002 -1 -1
0x02 6 8192 33495 0x0014 -1 -1
0x00 6 33495 1075 0x0002 -1 -1
0x02 6 1075 33495 0x0014 -1 -1
0x00 6 33495 15660 0x0002 -1 -1
0x02 6 15660 33495 0x0014 -1 -1
0x00 17 -1 -1 -1 64193 59870
0x00 17 -1 -1 -1 64194 59870
0x02 6 32339 443 0x0018 -1 -1
0x00 6 33495 5988 0x0002 -1 -1
0x02 6 5988 33495 0x0014 -1 -1
0x00 6 33495 1717 0x0002 -1 -1
0x02 6 1717 33495 0x0014 -1 -1
0x00 6 33495 161 0x0002 -1 -1
0x02 6 161 33495 0x0014 -1 -1
0x00 6 33495 1287 0x0002 -1 -1
0x02 6 1287 33495 0x0014 -1 -1
0x00 6 33495 1104 0x0002 -1 -1
0x02 6 1104 33495 0x0014 -1 -1
0x00 6 33495 1600 0x0002 -1 -1
0x02 6 1600 33495 0x0014 -1 -1
0x00 6 33495 38292 0x0002 -1 -1
0x02 6 38292 33495 0x0014 -1 -1
0x00 6 33495 1053 0x0002 -1 -1
0x02 6 1053 33495 0x0014 -1 -1
0x00 6 33495 1218 0x0002 -1 -1
0x02 6 1218 33495 0x0014 -1 -1
0x00 6 33495 3128 0x0002 -1 -1
0x02 6 3128 33495 0x0014 -1 -1
0x00 6 33495 543 0x0002 -1 -1
0x02 6 543 33495 0x0014 -1 -1
0x00 6 33495 8654 0x0002 -1 -1
0x02 6 8654 33495 0x0014 -1 -1
0x00 6 33495 1805 0x0002 -1 -1
0x02 6 1805 33495 0x0014 -1 -1
0x00 6 33495 7000 0x0002 -1 -1
0x02 6 7000 33495 0x0014 -1 -1
0x00 6 33495 8042 0x0002 -1 -1
0x02 6 8042 33495 0x0014 -1 -1
0x00 6 33495 1501 0x0002 -1 -1
0x02 6 1501 33495 0x0014 -1 -1
0x02 6 443 32339 0x0018 -1 -1
0x00 17 -1 -1 -1 64195 59870
0x00 17 -1 -1 -1 64196 59870
0x02 6 32339 443 0x0018 -1 -1
0x00 6 33495 20222 0x0002 -1 -1
0x02 6 20222 33495 0x0014 -1 -1
0x00 6 33495 5555 0x0002 -1 -1
0x02 6 5555 33495 0x0014 -1 -1
0x00 6 33495 4279 0x0002 -1 -1
0x02 6 4279 33495 0x0014 -1 -1
0x00 6 33495 11110 0x0002 -1 -1
0x02 6 11110 33495 0x0014 -1 -1
0x00 6 33495 1594 0x0002 -1 -1
0x02 6 1594 33495 0x0014 -1 -1
0x00 6 33495 2021 0x0002 -1 -1
0x02 6 2021 33495 0x0014 -1 -1
0x00 6 33495 9081 0x0002 -1 -1
0x02 6 9081 33495 0x0014 -1 -1
0x00 6 33495 3766 0x0002 -1 -1
0x02 6 3766 33495 0x0014 -1 -1
0x00 6 33495 722 0x0002 -1 -1
0x02 6 722 33495 0x0014 -1 -1
-1 -1 -1 -1 -1 -1 -1
-1 -1 -1 -1 -1 -1 -1
0x00 6 33495 9943 0x0002 -1 -1
0x02 6 9943 33495 0x0014 -1 -1
0x00 6 33495 7443 0x0002 -1 -1
0x02 6 7443 33495 0x0014 -1 -1
0x00 6 33495 48080 0x0002 -1 -1
0x02 6 48080 33495 0x0014 -1 -1
0x00 6 33495 27353 0x0002 -1 -1
0x00 6 33495 58080 0x0002 -1 -1
0x02 6 58080 33495 0x0014 -1 -1
0x02 17 -1 -1 -1 5353 5353
0x00 6 33495 6668 0x0002 -1 -1
0x00 6 33495 901 0x0002 -1 -1
0x02 6 443 32339 0x0018 -1 -1
0x00 6 33495 2034 0x0002 -1 -1
0x02 6 2034 33495 0x0014 -1 -1
0x00 6 33495 34572 0x0002 -1 -1
0x00 6 33495 52673 0x0002 -1 -1
0x02 6 32339 443 0x0010 -1 -1
0x00 6 33495 3814 0x0002 -1 -1
0x02 6 3814 33495 0x0014 -1 -1
0x00 6 33495 1126 0x0002 -1 -1
0x00 6 33497 27353 0x0002 -1 -1
0x00 6 33495 50300 0x0002 -1 -1
0x00 6 33497 6668 0x0002 -1 -1
0x02 6 6668 33497 0x0014 -1 -1
0x00 6 33497 1126 0x0002 -1 -1
0x02 6 1126 33497 0x0014 -1 -1
0x00 6 33499 27353 0x0002 -1 -1
0x02 6 27353 33499 0x0014 -1 -1
0x00 6 33497 50300 0x0002 -1 -1
